%YAML:1.0
---
matrix5to8: !!opencv-matrix
   rows: 4
   cols: 4
   dt: f
   data: [ 9.46339190e-01, -1.28617818e-02, 3.22919011e-01,
       4.54564765e-02, 1.79230534e-02, 9.99758661e-01, -1.27047542e-02,
       -4.49055806e-05, -3.22677672e-01, 1.78107042e-02, 9.46341276e-01,
       -7.23630982e-03, 0., 0., 0., 1. ]
matrix8to5: !!opencv-matrix
   rows: 4
   cols: 4
   dt: f
   data: [ 9.46339190e-01, 1.79230496e-02, -3.22677672e-01,
       -4.53514345e-02, -1.28617836e-02, 9.99758601e-01, 1.78107005e-02,
       7.58429815e-04, 3.22919041e-01, -1.27047570e-02, 9.46341336e-01,
       -7.83131365e-03, 0., 0., 0., 1. ]
