%YAML:1.0
---
matrix5to9: !!opencv-matrix
   rows: 4
   cols: 4
   dt: f
   data: [ 9.34728205e-01, -1.00846421e-02, -3.55220348e-01,
       -4.65291440e-02, 7.26078777e-03, 9.99930561e-01, -9.28178523e-03,
       -1.12155755e-03, 3.55289310e-01, 6.09676633e-03, 9.34736490e-01,
       -8.41139536e-03, 0., 0., 0., 1. ]
matrix9to5: !!opencv-matrix
   rows: 4
   cols: 4
   dt: f
   data: [ 9.34728205e-01, 7.26078684e-03, 3.55289310e-01,
       4.64887246e-02, -1.00846412e-02, 9.99930501e-01, 6.09676680e-03,
       7.03532132e-04, -3.55220377e-01, -9.28178430e-03, 9.34736550e-01,
       -8.67607165e-03, 0., 0., 0., 1. ]
