%YAML:1.0
---
ground_matrix: !!opencv-matrix
   rows: 4
   cols: 4
   dt: f
   data: [ 9.97067690e-01, -7.50104561e-02, 1.51503710e-02,
       2.59328187e-02, 7.46202543e-02, 9.96902108e-01, 2.48604920e-02,
       2.53354721e-02, -1.69682242e-02, -2.36570742e-02, 9.99576151e-01,
       6.07588291e-01, 0., 0., 0., 1. ]
