%YAML:1.0
---
K : !!opencv-matrix
   rows: 3
   cols: 3
   dt: d
   data: [ 5.1110265829587314e+02, 0., 9.5786557348106828e+02, 0.,
       5.1104801415443376e+02, 5.1729129486332079e+02, 0., 0., 1. ]
D : !!opencv-matrix
   rows: 4
   cols: 1
   dt: d
   data: [ 1.4386437235530095e-01, -4.7152468990210646e-02,
       5.3638994257006736e-03, -4.3869592165638984e-04 ]
image_size : [ 1920, 1080 ]
