%YAML:1.0
---
K : !!opencv-matrix
   rows: 3
   cols: 3
   dt: d
   data: [ 5.1273268478925081e+02, 0., 9.5390646007815599e+02, 0.,
       5.1243830311452564e+02, 5.3908536999193382e+02, 0., 0., 1. ]
D : !!opencv-matrix
   rows: 4
   cols: 1
   dt: d
   data: [ 1.3662069046528155e-01, -4.1128451061816181e-02,
       2.9710051482085050e-03, -8.6590320990974763e-05 ]
image_size : [ 1920, 1080 ]
