%YAML:1.0
---
poses_num: 1
pose_0: !!opencv-matrix
   rows: 4
   cols: 4
   dt: f
   data: [ -9.99530971e-01, 3.06246672e-02, -2.35179614e-05,
       2.84684986e-01, -2.98512019e-02, -9.74114478e-01, 2.24075720e-01,
       -1.52008176e-01, -6.83933496e-03, -2.23971307e-01,
       -9.74571764e-01, 1.58338392e+00, 0., 0., 0., 1. ]
tag_0: 24
