%YAML:1.0
---
poses_num: 3
pose_0: !!opencv-matrix
   rows: 4
   cols: 4
   dt: f
   data: [ -9.99530137e-01, 3.06160990e-02, 1.46666914e-03,
       2.59000987e-01, -2.95030307e-02, -9.73960221e-01, 2.24791154e-01,
       6.70936406e-01, -8.31070542e-03, -2.24642262e-01, -9.74405885e-01,
       1.77780974e+00, 0., 0., 0., 1. ]
tag_0: 11
pose_1: !!opencv-matrix
   rows: 4
   cols: 4
   dt: f
   data: [ -9.99558568e-01, 2.97040530e-02, -5.99089137e-04,
       2.83706784e-01, -2.90806424e-02, -9.74053800e-01, 2.24440470e-01,
       -1.52537584e-01, -6.08324679e-03, -2.24358812e-01,
       -9.74487603e-01, 1.58679521e+00, 0., 0., 0., 1. ]
tag_1: 24
pose_2: !!opencv-matrix
   rows: 4
   cols: 4
   dt: f
   data: [ -9.99559164e-01, 2.96893809e-02, -1.02343009e-04,
       -5.60861290e-01, -2.89578736e-02, -9.74159181e-01, 2.23998636e-01,
       -1.77095383e-01, -6.55068271e-03, -2.23902851e-01,
       -9.74589467e-01, 1.58221412e+00, 0., 0., 0., 1. ]
tag_2: 25
