%YAML:1.0
---
poses_num: 1
pose_0: !!opencv-matrix
   rows: 4
   cols: 4
   dt: f
   data: [ -9.74103510e-01, 8.61678869e-02, -2.09039345e-01,
       4.95347857e-01, -3.85621935e-02, -9.74302053e-01, -2.21919864e-01,
       5.56441605e-01, 2.22789839e-01, 2.08111897e-01, -9.52393889e-01,
       1.70286715e+00, 0., 0., 0., 1. ]
tag_0: 24
