%YAML:1.0
---
poses_num: 2
pose_0: !!opencv-matrix
   rows: 4
   cols: 4
   dt: f
   data: [ -9.98200774e-01, 3.59436795e-02, -4.79925461e-02,
       3.99553478e-01, -4.59547527e-02, -9.72742736e-01, 2.27287725e-01,
       7.15260088e-01, 3.85148451e-02, -2.29084268e-01, -9.72644329e-01,
       1.73740196e+00, 0., 0., 0., 1. ]
tag_0: 11
pose_1: !!opencv-matrix
   rows: 4
   cols: 4
   dt: f
   data: [ -9.98337328e-01, 3.62440050e-02, -4.48213816e-02,
       4.29061055e-01, -4.53602597e-02, -9.73783731e-01, 2.22907439e-01,
       -1.07722677e-01, 3.55672725e-02, -2.24569932e-01, -9.73808646e-01,
       1.54232895e+00, 0., 0., 0., 1. ]
tag_1: 24
