%YAML:1.0
---
poses_num: 1
pose_0: !!opencv-matrix
   rows: 4
   cols: 4
   dt: f
   data: [ -9.52146649e-01, 1.37322605e-01, -2.73055404e-01,
       1.08297861e+00, -7.63433203e-02, -9.71920729e-01, -2.22579896e-01,
       6.28698707e-01, 2.95953453e-01, 1.91082761e-01, -9.35894728e-01,
       1.57459295e+00, 0., 0., 0., 1. ]
tag_0: 24
