%YAML:1.0
---
poses_num: 2
pose_0: !!opencv-matrix
   rows: 4
   cols: 4
   dt: f
   data: [ -9.42476392e-01, 1.30335808e-01, -3.07816267e-01,
       1.23531139e+00, -5.88487424e-02, -9.71165776e-01, -2.31027827e-01,
       6.13188982e-01, 3.29051822e-01, 1.99623659e-01, -9.22970891e-01,
       1.56302857e+00, 0., 0., 0., 1. ]
tag_0: 24
pose_1: !!opencv-matrix
   rows: 4
   cols: 4
   dt: f
   data: [ -9.40968633e-01, 1.30346566e-01, -3.12390536e-01,
       4.38422382e-01, -5.74124940e-02, -9.70970452e-01, -2.32207149e-01,
       5.63063025e-01, 3.33589405e-01, 2.00564519e-01, -9.21136260e-01,
       1.84120893e+00, 0., 0., 0., 1. ]
tag_1: 25
