%YAML:1.0
---
poses_num: 1
pose_0: !!opencv-matrix
   rows: 4
   cols: 4
   dt: f
   data: [ -9.35803711e-01, 1.06143765e-01, -3.36162060e-01,
       5.11234403e-01, -2.97494810e-02, -9.73969936e-01, -2.24716514e-01,
       5.53279877e-01, 3.51264000e-01, 2.00289890e-01, -9.14602399e-01,
       1.83966768e+00, 0., 0., 0., 1. ]
tag_0: 25
