%YAML:1.0
---
poses_num: 1
pose_0: !!opencv-matrix
   rows: 4
   cols: 4
   dt: f
   data: [ -9.05487716e-01, -4.85118702e-02, -4.21590507e-01,
       1.04043972e+00, 7.68201947e-02, -9.95769739e-01, -5.04116863e-02,
       3.34407181e-01, 4.17361498e-01, 7.80338272e-02, -9.05383945e-01,
       1.82801199e+00, 0., 0., 0., 1. ]
tag_0: 25
