%YAML:1.0
---
poses_num: 1
pose_0: !!opencv-matrix
   rows: 4
   cols: 4
   dt: f
   data: [ -8.67588639e-01, -1.43007532e-01, -4.76276010e-01,
       1.30479300e+00, 1.62829950e-01, -9.86654103e-01, -3.57871177e-04,
       1.02529788e+00, 4.69868481e-01, 7.78624788e-02, -8.79295766e-01,
       1.75997245e+00, 0., 0., 0., 1. ]
tag_0: 12
