%YAML:1.0
---
poses_num: 1
pose_0: !!opencv-matrix
   rows: 4
   cols: 4
   dt: f
   data: [ -9.84245777e-01, -6.63455389e-03, -1.76681131e-01,
       2.71948248e-01, -3.02411839e-02, -9.78252649e-01, 2.05200329e-01,
       -1.81630865e-01, 1.74200207e-01, -2.07310602e-01, -9.62640405e-01,
       1.46030545e+00, 0., 0., 0., 1. ]
tag_0: 25
