%YAML:1.0
---
poses_num: 1
pose_0: !!opencv-matrix
   rows: 4
   cols: 4
   dt: f
   data: [ -9.79157686e-01, -4.18993570e-02, -1.98732629e-01,
       1.27665877e+00, 8.56877072e-04, -9.79332805e-01, 2.02253625e-01,
       -1.13433428e-01, 2.03099683e-01, -1.97867900e-01, -9.58957136e-01,
       1.27794313e+00, 0., 0., 0., 1. ]
tag_0: 24
