%YAML:1.0
---
poses_num: 1
pose_0: !!opencv-matrix
   rows: 4
   cols: 4
   dt: f
   data: [ -9.81265187e-01, 7.35336095e-02, -1.78076908e-01,
       2.54835114e-02, -1.13985136e-01, -9.66754913e-01, 2.28893623e-01,
       -9.25121829e-02, 1.55325353e-01, -2.44903460e-01, -9.57024753e-01,
       1.56266606e+00, 0., 0., 0., 1. ]
tag_0: 25
