%YAML:1.0
---
poses_num: 1
pose_0: !!opencv-matrix
   rows: 4
   cols: 4
   dt: f
   data: [ -9.99522150e-01, 3.07099931e-02, 3.52502032e-03,
       2.62503088e-01, -2.91193556e-02, -9.73692417e-01, 2.25998014e-01,
       6.69010103e-01, -1.03726834e-02, -2.25787371e-01, -9.74121392e-01,
       1.77713609e+00, 0., 0., 0., 1. ]
tag_0: 11
