%YAML:1.0
---
poses_num: 2
pose_0: !!opencv-matrix
   rows: 4
   cols: 4
   dt: f
   data: [ -9.35653269e-01, 8.01787749e-02, -3.43692243e-01,
       1.09868598e+00, -1.61446244e-01, -9.63219881e-01, 2.14808226e-01,
       8.50742936e-01, 3.13828140e-01, -2.56473839e-01, -9.14184391e-01,
       1.50344670e+00, 0., 0., 0., 1. ]
tag_0: 11
pose_1: !!opencv-matrix
   rows: 4
   cols: 4
   dt: f
   data: [ -9.34537828e-01, 7.83042386e-02, -3.47141922e-01,
       3.74388129e-01, -1.60367668e-01, -9.63492990e-01, 2.14390889e-01,
       -1.00029513e-01, 3.17681104e-01, -2.56026745e-01, -9.12978113e-01,
       1.55256307e+00, 0., 0., 0., 1. ]
tag_1: 25
