%YAML:1.0
---
poses_num: 1
pose_0: !!opencv-matrix
   rows: 4
   cols: 4
   dt: f
   data: [ -8.94771934e-01, -2.25243680e-02, -4.45954978e-01,
       8.62675428e-01, -1.64904445e-01, -9.11455214e-01, 3.76903117e-01,
       -2.96429902e-01, 4.14957494e-01, -4.10782307e-01, -8.11830163e-01,
       1.20415664e+00, 0., 0., 0., 1. ]
tag_0: 25
