%YAML:1.0
---
poses_num: 2
pose_0: !!opencv-matrix
   rows: 4
   cols: 4
   dt: f
   data: [ -9.99676883e-01, 2.54076254e-02, 7.40890217e-04,
       2.62858123e-01, -2.45676953e-02, -9.73285973e-01, 2.28277892e-01,
       6.73019350e-01, -6.52109738e-03, -2.28185937e-01, -9.73595738e-01,
       1.78388941e+00, 0., 0., 0., 1. ]
tag_0: 11
pose_1: !!opencv-matrix
   rows: 4
   cols: 4
   dt: f
   data: [ -9.99706626e-01, 2.40796041e-02, 2.60968739e-03,
       2.82859951e-01, -2.28492804e-02, -9.73355174e-01, 2.28161395e-01,
       -1.49925694e-01, -8.03418923e-03, -2.28034824e-01,
       -9.73619819e-01, 1.58869350e+00, 0., 0., 0., 1. ]
tag_1: 24
