%YAML:1.0
---
poses_num: 1
pose_0: !!opencv-matrix
   rows: 4
   cols: 4
   dt: f
   data: [ -9.99668360e-01, 2.57176291e-02, 1.34002429e-03,
       2.64225543e-01, -2.47201230e-02, -9.72878158e-01, 2.29993388e-01,
       6.74451113e-01, -7.21856533e-03, -2.29883984e-01, -9.73191261e-01,
       1.78458560e+00, 0., 0., 0., 1. ]
tag_0: 11
