%YAML:1.0
---
poses_num: 1
pose_0: !!opencv-matrix
   rows: 4
   cols: 4
   dt: f
   data: [ -9.92883027e-01, 2.62425411e-02, -1.16166495e-01,
       8.78371894e-01, -9.30880159e-02, -7.79412568e-01, 6.19556785e-01,
       -6.36273265e-01, 7.42828846e-02, -6.25961125e-01, -7.76308358e-01,
       8.66660714e-01, 0., 0., 0., 1. ]
tag_0: 24
