%YAML:1.0
---
poses_num: 1
pose_0: !!opencv-matrix
   rows: 4
   cols: 4
   dt: f
   data: [ -9.44970071e-01, 1.19335152e-01, 3.04615647e-01,
       -4.37027216e-01, 1.00794956e-01, -7.79610157e-01, 6.18100584e-01,
       -8.26603651e-01, -3.11242580e-01, -6.14790261e-01,
       -7.24679887e-01, 1.18320894e+00, 0., 0., 0., 1. ]
tag_0: 24
