%YAML:1.0
---
poses_num: 1
pose_0: !!opencv-matrix
   rows: 4
   cols: 4
   dt: f
   data: [ -9.99619782e-01, 2.75434311e-02, 1.30238070e-03,
       -5.81568182e-01, -2.65345350e-02, -9.73703384e-01, 2.26268858e-01,
       6.48337126e-01, -7.50035327e-03, -2.26148263e-01, -9.74063993e-01,
       1.77544379e+00, 0., 0., 0., 1. ]
tag_0: 12
