%YAML:1.0
---
poses_num: 1
pose_0: !!opencv-matrix
   rows: 4
   cols: 4
   dt: f
   data: [ -9.25027847e-01, -1.34063372e-03, 3.79896879e-01,
       -1.23652637e+00, 1.51501760e-01, -9.18336391e-01, 3.65657628e-01,
       -8.60727191e-01, -3.48382920e-01, -3.95798564e-01,
       -8.49689841e-01, 1.51375484e+00, 0., 0., 0., 1. ]
tag_0: 24
