%YAML:1.0
---
poses_num: 1
pose_0: !!opencv-matrix
   rows: 4
   cols: 4
   dt: f
   data: [ -9.87989843e-01, -5.03278226e-02, 1.46092877e-01,
       -1.25178099e+00, 8.39824900e-02, -9.68529522e-01, 2.34302074e-01,
       -2.04435647e-01, -1.29703343e-01, -2.43757322e-01,
       -9.61124063e-01, 1.80823469e+00, 0., 0., 0., 1. ]
tag_0: 24
