%YAML:1.0
---
poses_num: 2
pose_0: !!opencv-matrix
   rows: 4
   cols: 4
   dt: f
   data: [ -9.92930651e-01, -4.63920459e-02, 1.09254137e-01,
       -2.00505614e+00, 6.99935853e-02, -9.72237170e-01, 2.23284036e-01,
       7.40947723e-01, -9.58623290e-02, -2.29352653e-01, -9.68611240e-01,
       1.92895603e+00, 0., 0., 0., 1. ]
tag_0: 12
pose_1: !!opencv-matrix
   rows: 4
   cols: 4
   dt: f
   data: [ -9.92769897e-01, -4.62579504e-02, 1.10761352e-01,
       -2.04689240e+00, 7.02638477e-02, -9.72098708e-01, 2.23801360e-01,
       -8.01427290e-02, -9.73183811e-02, -2.29965776e-01,
       -9.68320668e-01, 1.73819959e+00, 0., 0., 0., 1. ]
tag_1: 25
