%YAML:1.0
---
poses_num: 1
pose_0: !!opencv-matrix
   rows: 4
   cols: 4
   dt: f
   data: [ -9.99611080e-01, 2.78851856e-02, 3.82797618e-04,
       -5.62075436e-01, -2.70656403e-02, -9.73358095e-01, 2.27687150e-01,
       -1.75623387e-01, -6.72169728e-03, -2.27588221e-01,
       -9.73734260e-01, 1.58655596e+00, 0., 0., 0., 1. ]
tag_0: 25
