%YAML:1.0
---
poses_num: 2
pose_0: !!opencv-matrix
   rows: 4
   cols: 4
   dt: f
   data: [ -9.96093392e-01, -3.95919345e-02, 7.89329410e-02,
       -1.12750793e+00, 5.56672215e-02, -9.75413859e-01, 2.13234559e-01,
       7.45754123e-01, -6.85499161e-02, -2.16795504e-01, -9.73807275e-01,
       2.02767777e+00, 0., 0., 0., 1. ]
tag_0: 11
pose_1: !!opencv-matrix
   rows: 4
   cols: 4
   dt: f
   data: [ -9.96124208e-01, -4.00469676e-02, 7.83123821e-02,
       -1.16109872e+00, 5.61738908e-02, -9.74763751e-01, 2.16055721e-01,
       -7.86133334e-02, -6.76836967e-02, -2.19617441e-01,
       -9.73235369e-01, 1.84436774e+00, 0., 0., 0., 1. ]
tag_1: 24
