%YAML:1.0
---
poses_num: 1
pose_0: !!opencv-matrix
   rows: 4
   cols: 4
   dt: f
   data: [ -9.98606086e-01, -2.59387102e-02, 4.59684581e-02,
       -1.07551420e+00, 3.53022180e-02, -9.75677848e-01, 2.16348052e-01,
       -4.05825824e-02, -3.92386168e-02, -2.17669263e-01,
       -9.75233495e-01, 1.82589936e+00, 0., 0., 0., 1. ]
tag_0: 24
