%YAML:1.0
---
poses_num: 1
pose_0: !!opencv-matrix
   rows: 4
   cols: 4
   dt: f
   data: [ -9.99795794e-01, -5.06307185e-03, -1.95635073e-02,
       -1.61194646e+00, 2.27002869e-03, -9.90115821e-01, 1.40233681e-01,
       1.00943536e-01, 2.00801510e-02, -1.40160635e-01, -9.89925146e-01,
       1.85476947e+00, 0., 0., 0., 1. ]
tag_0: 25
