%YAML:1.0
---
poses_num: 1
pose_0: !!opencv-matrix
   rows: 4
   cols: 4
   dt: f
   data: [ -9.99326944e-01, -6.37515506e-04, -3.66770886e-02,
       -6.49303854e-01, -3.85642564e-03, -9.92482483e-01, 1.22325763e-01,
       1.00126052e+00, 3.64793539e-02, -1.22384876e-01, -9.91812050e-01,
       1.93919432e+00, 0., 0., 0., 1. ]
tag_0: 11
