%YAML:1.0
---
poses_num: 1
pose_0: !!opencv-matrix
   rows: 4
   cols: 4
   dt: f
   data: [ -9.94411230e-01, 2.29061283e-02, -1.03061460e-01,
       -5.46866618e-02, -2.88389362e-02, -9.97988880e-01, 5.64488359e-02,
       2.86047786e-01, 1.01561166e-01, -5.91055378e-02, -9.93071914e-01,
       1.82646739e+00, 0., 0., 0., 1. ]
tag_0: 24
