%YAML:1.0
---
poses_num: 1
pose_0: !!opencv-matrix
   rows: 4
   cols: 4
   dt: f
   data: [ -9.90599275e-01, 4.95945588e-02, -1.27488971e-01,
       -7.22798407e-01, -5.01499698e-02, -9.98741031e-01, 1.14835193e-03,
       1.12050378e+00, 1.27271518e-01, -7.53112463e-03, -9.91839349e-01,
       1.88616681e+00, 0., 0., 0., 1. ]
tag_0: 12
