%YAML:1.0
---
poses_num: 1
pose_0: !!opencv-matrix
   rows: 4
   cols: 4
   dt: f
   data: [ -9.78274524e-01, 5.19601777e-02, -2.00696394e-01,
       7.39777446e-01, -5.77786304e-02, -9.98058915e-01, 2.32393183e-02,
       3.99871975e-01, 1.99099302e-01, -3.43303941e-02, -9.79377806e-01,
       1.64828038e+00, 0., 0., 0., 1. ]
tag_0: 24
