%YAML:1.0
---
poses_num: 2
pose_0: !!opencv-matrix
   rows: 4
   cols: 4
   dt: f
   data: [ -9.98902321e-01, 4.66960073e-02, 3.68570886e-03,
       2.88950264e-01, -4.55106236e-02, -9.86138999e-01, 1.59557864e-01,
       3.85252297e-01, -1.10853361e-02, -1.59214988e-01, -9.87181723e-01,
       1.69629347e+00, 0., 0., 0., 1. ]
tag_0: 24
pose_1: !!opencv-matrix
   rows: 4
   cols: 4
   dt: f
   data: [ -9.99059021e-01, 4.27519269e-02, -7.30413152e-03,
       -5.58910906e-01, -4.33103032e-02, -9.92337823e-01, 1.15714565e-01,
       3.57896924e-01, 2.30114534e-03, -1.15922026e-01, -9.93255675e-01,
       1.74384558e+00, 0., 0., 0., 1. ]
tag_1: 25
