%YAML:1.0
---
poses_num: 1
pose_0: !!opencv-matrix
   rows: 4
   cols: 4
   dt: f
   data: [ -9.32390153e-01, 6.17816150e-02, 3.56134325e-01,
       -2.14243507e+00, 5.53920120e-02, -9.49222565e-01, 3.09690654e-01,
       8.31771851e-01, -3.57183903e-01, -3.08479518e-01, -8.81623507e-01,
       1.52772593e+00, 0., 0., 0., 1. ]
tag_0: 12
