%YAML:1.0
---
poses_num: 1
pose_0: !!opencv-matrix
   rows: 4
   cols: 4
   dt: f
   data: [ -9.99651849e-01, 2.63732485e-02, -8.15760111e-04,
       -5.62860727e-01, -2.58989409e-02, -9.74823356e-01, 2.21469313e-01,
       -1.82467699e-01, -5.04564308e-03, -2.21413344e-01,
       -9.75166976e-01, 1.57887089e+00, 0., 0., 0., 1. ]
tag_0: 25
