%YAML:1.0
---
poses_num: 2
pose_0: !!opencv-matrix
   rows: 4
   cols: 4
   dt: f
   data: [ -9.98906314e-01, 3.66310738e-02, -2.90578138e-02,
       4.00316745e-01, -4.23294157e-02, -9.72448468e-01, 2.29242563e-01,
       -1.08308263e-01, 1.98598262e-02, -2.30221838e-01, -9.72935498e-01,
       1.55073071e+00, 0., 0., 0., 1. ]
tag_0: 24
pose_1: !!opencv-matrix
   rows: 4
   cols: 4
   dt: f
   data: [ -9.98741031e-01, 3.62506993e-02, -3.46725099e-02,
       -4.43388402e-01, -4.34437841e-02, -9.70641434e-01, 2.36575276e-01,
       -1.44293770e-01, 2.50785556e-02, -2.37783745e-01, -9.70994294e-01,
       1.56828690e+00, 0., 0., 0., 1. ]
tag_1: 25
