%YAML:1.0
---
poses_num: 2
pose_0: !!opencv-matrix
   rows: 4
   cols: 4
   dt: f
   data: [ -9.94787335e-01, -1.92362908e-02, 1.00140430e-01,
       -9.86022353e-01, 1.71263795e-02, -9.99613762e-01, -2.18868181e-02,
       1.42160952e+00, -1.00522771e-01, 2.00576857e-02, -9.94732559e-01,
       1.87234330e+00, 0., 0., 0., 1. ]
tag_0: 11
pose_1: !!opencv-matrix
   rows: 4
   cols: 4
   dt: f
   data: [ -9.94751215e-01, -1.75733585e-02, 1.00802727e-01,
       -1.82401037e+00, 1.55915190e-02, -9.99670029e-01, -2.04148870e-02,
       1.43327165e+00, -1.01128221e-01, 1.87360663e-02, -9.94696975e-01,
       1.78346741e+00, 0., 0., 0., 1. ]
tag_1: 12
