%YAML:1.0
---
poses_num: 3
pose_0: !!opencv-matrix
   rows: 4
   cols: 4
   dt: f
   data: [ -9.98847902e-01, -2.21514720e-02, 4.25700620e-02,
       -8.05743098e-01, 1.94923766e-02, -9.97892320e-01, -6.18947595e-02,
       1.40940225e+00, -4.38513979e-02, 6.09936565e-02, -9.97174442e-01,
       1.81471610e+00, 0., 0., 0., 1. ]
tag_0: 11
pose_1: !!opencv-matrix
   rows: 4
   cols: 4
   dt: f
   data: [ -9.98838425e-01, -1.96920466e-02, 4.39774804e-02,
       -8.27357888e-01, 1.73663609e-02, -9.98461843e-01, -5.26534840e-02,
       5.69524527e-01, -4.49466929e-02, 5.18285930e-02, -9.97644007e-01,
       1.87008345e+00, 0., 0., 0., 1. ]
tag_1: 24
pose_2: !!opencv-matrix
   rows: 4
   cols: 4
   dt: f
   data: [ -9.98752117e-01, -1.85098723e-02, 4.63848338e-02,
       -1.67037404e+00, 1.59637108e-02, -9.98376667e-01, -5.46737872e-02,
       5.82777560e-01, -4.73215394e-02, 5.38650863e-02, -9.97426271e-01,
       1.82915902e+00, 0., 0., 0., 1. ]
tag_2: 25
