%YAML:1.0
---
poses_num: 3
pose_0: !!opencv-matrix
   rows: 4
   cols: 4
   dt: f
   data: [ -9.98200297e-01, 3.75990197e-02, -4.67173234e-02,
       -2.33843550e-01, -2.97681727e-02, -9.86947954e-01,
       -1.58264130e-01, 1.44565713e+00, 5.20581454e-02, 1.56588614e-01,
       -9.86290991e-01, 1.66115189e+00, 0., 0., 0., 1. ]
tag_0: 11
pose_1: !!opencv-matrix
   rows: 4
   cols: 4
   dt: f
   data: [ -9.98251438e-01, 3.95532548e-02, -4.39270213e-02,
       -1.07606578e+00, -3.22306193e-02, -9.87163842e-01,
       -1.56424895e-01, 1.41731906e+00, 4.95502800e-02, 1.54735580e-01,
       -9.86712575e-01, 1.70039594e+00, 0., 0., 0., 1. ]
tag_1: 12
pose_2: !!opencv-matrix
   rows: 4
   cols: 4
   dt: f
   data: [ -9.98262882e-01, 3.74888778e-02, -4.54506837e-02,
       -2.03079581e-01, -2.99867373e-02, -9.87339020e-01,
       -1.55764133e-01, 6.16183400e-01, 5.07146567e-02, 1.54130638e-01,
       -9.86748099e-01, 1.79903924e+00, 0., 0., 0., 1. ]
tag_2: 24
