%YAML:1.0
---
poses_num: 3
pose_0: !!opencv-matrix
   rows: 4
   cols: 4
   dt: f
   data: [ -9.91015613e-01, 7.45797902e-02, -1.11021996e-01,
       4.87356000e-02, -5.22118285e-02, -9.79958892e-01, -1.92235649e-01,
       1.46494722e+00, 1.23133883e-01, 1.84711874e-01, -9.75048482e-01,
       1.61728573e+00, 0., 0., 0., 1. ]
tag_0: 11
pose_1: !!opencv-matrix
   rows: 4
   cols: 4
   dt: f
   data: [ -9.91077602e-01, 7.62365386e-02, -1.09330378e-01,
       -7.88173676e-01, -5.45019843e-02, -9.80357587e-01,
       -1.89548194e-01, 1.41580534e+00, 1.21633366e-01, 1.81898251e-01,
       -9.75765526e-01, 1.71676850e+00, 0., 0., 0., 1. ]
tag_1: 12
pose_2: !!opencv-matrix
   rows: 4
   cols: 4
   dt: f
   data: [ -9.90357339e-01, 7.45592788e-02, -1.16761342e-01,
       1.10802278e-01, -5.09779081e-02, -9.79817569e-01, -1.93284348e-01,
       6.38186693e-01, 1.28815949e-01, 1.85468331e-01, -9.74170387e-01,
       1.77584767e+00, 0., 0., 0., 1. ]
tag_2: 24
