%YAML:1.0
---
poses_num: 2
pose_0: !!opencv-matrix
   rows: 4
   cols: 4
   dt: f
   data: [ -9.44867313e-01, 8.31542388e-02, 3.16719294e-01,
       -1.44233182e-01, -1.77584216e-02, -9.78808522e-01, 2.04006270e-01,
       6.14934564e-02, -3.26971531e-01, -1.87134415e-01, -9.26320851e-01,
       1.23048678e-01, 0., 0., 0., 1. ]
tag_0: 12
pose_1: !!opencv-matrix
   rows: 4
   cols: 4
   dt: f
   data: [ -9.44013476e-01, 8.58118385e-02, 3.18551213e-01,
       -6.71086237e-02, -1.85980983e-02, -9.77886081e-01, 2.08309814e-01,
       -1.06082493e-02, -3.29382241e-01, -1.90722838e-01,
       -9.24733579e-01, 1.33791670e-01, 0., 0., 0., 1. ]
tag_1: 24
