%YAML:1.0
---
poses_num: 1
pose_0: !!opencv-matrix
   rows: 4
   cols: 4
   dt: f
   data: [ -9.43133891e-01, 8.57808143e-02, 3.21154296e-01,
       -6.72573224e-02, -1.65760703e-02, -9.77064669e-01, 2.12296560e-01,
       -1.06143346e-02, -3.31999481e-01, -1.94900602e-01,
       -9.22924757e-01, 1.34019479e-01, 0., 0., 0., 1. ]
tag_0: 24
