%YAML:1.0
---
poses_num: 1
pose_0: !!opencv-matrix
   rows: 4
   cols: 4
   dt: f
   data: [ -9.97136891e-01, 5.22437729e-02, 5.46685830e-02,
       -7.94739183e-03, -6.37370944e-02, -9.69694793e-01,
       -2.35859320e-01, 5.87187260e-02, -4.06896584e-02, 2.38668442e-01,
       -9.70248282e-01, 1.55104443e-01, 0., 0., 0., 1. ]
tag_0: 24
