%YAML:1.0
---
poses_num: 1
pose_0: !!opencv-matrix
   rows: 4
   cols: 4
   dt: f
   data: [ -9.99208272e-01, 3.97846736e-02, -1.15932497e-04,
       -6.33995533e-02, -3.85518782e-02, -9.68957722e-01,
       -2.44202256e-01, 1.25969142e-01, 9.82784107e-03, 2.44004443e-01,
       -9.69724298e-01, 1.40614688e-01, 0., 0., 0., 1. ]
tag_0: 12
