%YAML:1.0
---
poses_num: 1
pose_0: !!opencv-matrix
   rows: 4
   cols: 4
   dt: f
   data: [ -9.57193673e-01, 9.16284323e-02, 2.74562329e-01,
       -1.25439122e-01, -3.17213051e-02, -9.76065814e-01, 2.15149492e-01,
       -9.28670913e-03, -2.87704706e-01, -1.97230265e-01,
       -9.37190592e-01, 1.12593964e-01, 0., 0., 0., 1. ]
tag_0: 25
