%YAML:1.0
---
poses_num: 2
pose_0: !!opencv-matrix
   rows: 4
   cols: 4
   dt: f
   data: [ -9.99316394e-01, 8.33539385e-03, -3.60168889e-02,
       2.67458614e-02, -1.74518675e-04, -9.75302696e-01, -2.20872298e-01,
       5.21205142e-02, 3.69684286e-02, 2.20715016e-01, -9.74637449e-01,
       1.59679264e-01, 0., 0., 0., 1. ]
tag_0: 24
pose_1: !!opencv-matrix
   rows: 4
   cols: 4
   dt: f
   data: [ -9.99606252e-01, 9.76561196e-03, -2.63048690e-02,
       -4.83564809e-02, -3.87316197e-03, -9.76529121e-01,
       -2.15350553e-01, 5.18746562e-02, 2.77904999e-02, 2.15163872e-01,
       -9.76182461e-01, 1.62031710e-01, 0., 0., 0., 1. ]
tag_1: 25
