%YAML:1.0
---
poses_num: 1
pose_0: !!opencv-matrix
   rows: 4
   cols: 4
   dt: f
   data: [ -9.98253882e-01, 2.52761994e-03, -5.90155199e-02,
       -3.07922531e-02, 5.99409267e-03, -9.89592314e-01, -1.43774718e-01,
       4.84339856e-02, 5.87647110e-02, 1.43877402e-01, -9.87849176e-01,
       1.69508472e-01, 0., 0., 0., 1. ]
tag_0: 25
