%YAML:1.0
---
poses_num: 1
pose_0: !!opencv-matrix
   rows: 4
   cols: 4
   dt: f
   data: [ -9.98506427e-01, 2.18330193e-02, -5.00826612e-02,
       3.76687795e-02, -1.14114992e-02, -9.79806244e-01, -1.99623436e-01,
       5.13750277e-02, 5.34296855e-02, 1.98753774e-01, -9.78591979e-01,
       1.60129160e-01, 0., 0., 0., 1. ]
tag_0: 24
