%YAML:1.0
---
poses_num: 1
pose_0: !!opencv-matrix
   rows: 4
   cols: 4
   dt: f
   data: [ -9.67787802e-01, 9.61257443e-02, 2.32694268e-01,
       -4.56462353e-02, -4.57521155e-02, -9.76002216e-01, 2.12899953e-01,
       -4.23823344e-03, -2.47575283e-01, -1.95395723e-01,
       -9.48961020e-01, 1.33769900e-01, 0., 0., 0., 1. ]
tag_0: 24
