%YAML:1.0
---
poses_num: 1
pose_0: !!opencv-matrix
   rows: 4
   cols: 4
   dt: f
   data: [ -9.66297865e-01, -1.72362685e-01, -1.91205427e-01,
       2.13690475e-02, 1.79847732e-01, -9.83439982e-01, -2.23744772e-02,
       8.96783918e-02, 1.84182540e-01, 5.60082719e-02, -9.81294990e-01,
       1.73761636e-01, 0., 0., 0., 1. ]
tag_0: 12
