%YAML:1.0
---
poses_num: 1
pose_0: !!opencv-matrix
   rows: 4
   cols: 4
   dt: f
   data: [ -9.69266236e-01, -1.79604426e-01, -1.68122679e-01,
       1.55549003e-02, 1.83713883e-01, -9.82937753e-01, -9.08673462e-03,
       9.32380855e-02, 1.63622111e-01, 3.96939330e-02, -9.85724211e-01,
       1.76274016e-01, 0., 0., 0., 1. ]
tag_0: 12
