%YAML:1.0
---
poses_num: 1
pose_0: !!opencv-matrix
   rows: 4
   cols: 4
   dt: f
   data: [ -9.89713013e-01, -8.85965005e-02, -1.12333432e-01,
       6.46356419e-02, 9.64883789e-02, -9.93085146e-01, -6.68717921e-02,
       2.50850078e-02, 1.05632059e-01, 7.70227537e-02, -9.91417825e-01,
       1.67749956e-01, 0., 0., 0., 1. ]
tag_0: 24
