%YAML:1.0
---
poses_num: 2
pose_0: !!opencv-matrix
   rows: 4
   cols: 4
   dt: f
   data: [ -9.55252826e-01, -1.89016342e-01, -2.27518886e-01,
       1.11762196e-01, 2.01927975e-01, -9.78786945e-01, -3.46588865e-02,
       6.63500652e-02, 2.16141418e-01, 7.90504292e-02, -9.73156691e-01,
       1.50020197e-01, 0., 0., 0., 1. ]
tag_0: 11
pose_1: !!opencv-matrix
   rows: 4
   cols: 4
   dt: f
   data: [ -9.52999294e-01, -1.92234650e-01, -2.34175593e-01,
       3.99463922e-02, 2.04322174e-01, -9.78495657e-01, -2.82613561e-02,
       8.14666227e-02, 2.23706990e-01, 7.47803226e-02, -9.71783459e-01,
       1.66179910e-01, 0., 0., 0., 1. ]
tag_1: 12
