%YAML:1.0
---
poses_num: 2
pose_0: !!opencv-matrix
   rows: 4
   cols: 4
   dt: f
   data: [ -9.96898770e-01, -2.12500338e-02, -7.57711455e-02,
       5.20419963e-02, 2.96662971e-02, -9.93294418e-01, -1.11741155e-01,
       1.17560633e-01, 7.28885531e-02, 1.13642469e-01, -9.90844429e-01,
       1.59508094e-01, 0., 0., 0., 1. ]
tag_0: 11
pose_1: !!opencv-matrix
   rows: 4
   cols: 4
   dt: f
   data: [ -9.97627199e-01, -1.83715709e-02, -6.63511604e-02,
       -2.43929587e-02, 2.51648910e-02, -9.94358122e-01, -1.03046574e-01,
       4.51230146e-02, 6.40836880e-02, 1.04471780e-01, -9.92461026e-01,
       1.73423037e-01, 0., 0., 0., 1. ]
tag_1: 25
