%YAML:1.0
---
poses_num: 2
pose_0: !!opencv-matrix
   rows: 4
   cols: 4
   dt: f
   data: [ -9.42627788e-01, -1.97468400e-01, -2.69182235e-01,
       1.27590641e-01, 2.16403857e-01, -9.75388169e-01, -4.22759652e-02,
       6.18104897e-02, 2.54209012e-01, 9.81025770e-02, -9.62160945e-01,
       1.42038047e-01, 0., 0., 0., 1. ]
tag_0: 11
pose_1: !!opencv-matrix
   rows: 4
   cols: 4
   dt: f
   data: [ -9.42177892e-01, -1.97134823e-01, -2.70995736e-01,
       5.66875041e-02, 2.16231465e-01, -9.75429475e-01, -4.22050357e-02,
       7.79281780e-02, 2.56017148e-01, 9.83624607e-02, -9.61654842e-01,
       1.60973966e-01, 0., 0., 0., 1. ]
tag_1: 12
