%YAML:1.0
---
poses_num: 1
pose_0: !!opencv-matrix
   rows: 4
   cols: 4
   dt: f
   data: [ -8.91639173e-01, -2.60047376e-01, -3.70614231e-01,
       1.41136453e-01, 2.91814744e-01, -9.55962777e-01, -3.12936082e-02,
       -3.11497152e-02, 3.46155584e-01, 1.36053309e-01, -9.28259552e-01,
       1.26513481e-01, 0., 0., 0., 1. ]
tag_0: 24
