%YAML:1.0
---
poses_num: 1
pose_0: !!opencv-matrix
   rows: 4
   cols: 4
   dt: f
   data: [ -9.27092612e-01, -2.17779696e-01, -3.05075943e-01,
       5.16200252e-02, 2.42710546e-01, -9.69015300e-01, -4.58354428e-02,
       1.18505280e-03, 2.85641223e-01, 1.16538845e-01, -9.51224387e-01,
       1.63126588e-01, 0., 0., 0., 1. ]
tag_0: 25
