%YAML:1.0
---
poses_num: 1
pose_0: !!opencv-matrix
   rows: 4
   cols: 4
   dt: f
   data: [ -9.11457479e-01, -2.58652925e-01, -3.19912374e-01,
       6.74412921e-02, 2.72961438e-01, -9.62024987e-01, 1.18233438e-04,
       -6.15440262e-03, 3.07794273e-01, 8.72159749e-02, -9.47447121e-01,
       1.55964717e-01, 0., 0., 0., 1. ]
tag_0: 25
