%YAML:1.0
---
poses_num: 2
pose_0: !!opencv-matrix
   rows: 4
   cols: 4
   dt: f
   data: [ -9.91450369e-01, 1.09753991e-02, 1.30021855e-01,
       -5.02277464e-02, 1.23492023e-02, -9.84091103e-01, 1.77234918e-01,
       6.63133487e-02, -1.29898578e-01, -1.77325293e-01, -9.75541949e-01,
       1.41045555e-01, 0., 0., 0., 1. ]
tag_0: 12
pose_1: !!opencv-matrix
   rows: 4
   cols: 4
   dt: f
   data: [ -9.92278218e-01, 8.05553794e-03, 1.23770215e-01,
       2.52077207e-02, 1.54995210e-02, -9.82013166e-01, 1.88175172e-01,
       -8.76968540e-03, -1.23059832e-01, -1.88640505e-01,
       -9.74305391e-01, 1.36632502e-01, 0., 0., 0., 1. ]
tag_1: 24
