%YAML:1.0
---
poses_num: 2
pose_0: !!opencv-matrix
   rows: 4
   cols: 4
   dt: f
   data: [ -9.88295376e-01, 4.41191345e-02, 1.46033317e-01,
       9.46715940e-03, -1.52699407e-02, -9.81068790e-01, 1.93056598e-01,
       -1.25152189e-02, -1.51786223e-01, -1.88567027e-01,
       -9.70259488e-01, 1.34448007e-01, 0., 0., 0., 1. ]
tag_0: 24
pose_1: !!opencv-matrix
   rows: 4
   cols: 4
   dt: f
   data: [ -9.88159359e-01, 4.05759774e-02, 1.47968620e-01,
       -6.47825524e-02, -1.36576397e-02, -9.83830929e-01, 1.78578243e-01,
       -1.35209551e-02, -1.52822092e-01, -1.74442858e-01,
       -9.72735882e-01, 1.23169303e-01, 0., 0., 0., 1. ]
tag_1: 25
