%YAML:1.0
---
poses_num: 2
pose_0: !!opencv-matrix
   rows: 4
   cols: 4
   dt: f
   data: [ -9.32104886e-01, -2.12209210e-01, -2.93509305e-01,
       1.34384155e-01, 2.35287100e-01, -9.70871508e-01, -4.52605002e-02,
       5.67142479e-02, 2.75355101e-01, 1.11246482e-01, -9.54884171e-01,
       1.36084229e-01, 0., 0., 0., 1. ]
tag_0: 11
pose_1: !!opencv-matrix
   rows: 4
   cols: 4
   dt: f
   data: [ -9.32662368e-01, -2.14363724e-01, -2.90153593e-01,
       4.83959354e-02, 2.36386359e-01, -9.70721722e-01, -4.26709987e-02,
       1.48314517e-03, 2.72511274e-01, 1.08385988e-01, -9.56028283e-01,
       1.65247992e-01, 0., 0., 0., 1. ]
tag_1: 25
