%YAML:1.0
---
poses_num: 1
pose_0: !!opencv-matrix
   rows: 4
   cols: 4
   dt: f
   data: [ -9.68016088e-01, 1.01285808e-01, 2.29534417e-01,
       -4.85003889e-02, -5.27067818e-02, -9.76569772e-01, 2.08646879e-01,
       6.96010143e-02, -2.45289341e-01, -1.89875513e-01, -9.50673699e-01,
       1.48576051e-01, 0., 0., 0., 1. ]
tag_0: 11
