%YAML:1.0
---
poses_num: 1
pose_0: !!opencv-matrix
   rows: 4
   cols: 4
   dt: f
   data: [ -9.14554358e-01, -2.42027357e-01, -3.24057192e-01,
       6.27225414e-02, 2.65060484e-01, -9.63819027e-01, -2.82099508e-02,
       -9.22075764e-04, 3.05504918e-01, 1.11694291e-01, -9.45616782e-01,
       1.57277197e-01, 0., 0., 0., 1. ]
tag_0: 25
