%YAML:1.0
---
poses_num: 2
pose_0: !!opencv-matrix
   rows: 4
   cols: 4
   dt: f
   data: [ -9.71916795e-01, 1.03509143e-01, 2.11337537e-01,
       -1.17579341e-01, -5.83286397e-02, -9.76006567e-01, 2.09783003e-01,
       6.59413934e-02, -2.27981284e-01, -1.91564590e-01, -9.54634786e-01,
       1.31265447e-01, 0., 0., 0., 1. ]
tag_0: 12
pose_1: !!opencv-matrix
   rows: 4
   cols: 4
   dt: f
   data: [ -9.72363353e-01, 1.03487983e-01, 2.09283859e-01,
       -3.69480737e-02, -5.87897114e-02, -9.76041138e-01, 2.09493309e-01,
       -2.87642167e-03, -2.25949705e-01, -1.91399887e-01,
       -9.55150664e-01, 1.34295031e-01, 0., 0., 0., 1. ]
tag_1: 24
