%YAML:1.0
---
poses_num: 1
pose_0: !!opencv-matrix
   rows: 4
   cols: 4
   dt: f
   data: [ -9.74066794e-01, 1.09182917e-01, 1.98174149e-01,
       -1.07022241e-01, -6.58571646e-02, -9.74756837e-01, 2.13335201e-01,
       -6.62859576e-03, -2.16464162e-01, -1.94751546e-01,
       -9.56668735e-01, 1.18478939e-01, 0., 0., 0., 1. ]
tag_0: 25
