%YAML:1.0
---
poses_num: 1
pose_0: !!opencv-matrix
   rows: 4
   cols: 4
   dt: f
   data: [ -9.75457788e-01, 1.14000887e-01, 1.88377157e-01,
       -1.02905706e-01, -7.22757950e-02, -9.73908544e-01, 2.15124041e-01,
       -6.20199321e-03, -2.07986459e-01, -1.96229309e-01,
       -9.58246171e-01, 1.19904637e-01, 0., 0., 0., 1. ]
tag_0: 25
