%YAML:1.0
---
poses_num: 2
pose_0: !!opencv-matrix
   rows: 4
   cols: 4
   dt: f
   data: [ -9.80338156e-01, 1.29669860e-01, 1.48737505e-01,
       -9.77799967e-02, -9.71238166e-02, -9.73227739e-01, 2.08314061e-01,
       6.79220483e-02, -1.71767518e-01, -1.89772263e-01, -9.66686308e-01,
       1.38704434e-01, 0., 0., 0., 1. ]
tag_0: 12
pose_1: !!opencv-matrix
   rows: 4
   cols: 4
   dt: f
   data: [ -9.79913175e-01, 1.31439537e-01, 1.49979323e-01,
       -8.81595463e-02, -9.76713449e-02, -9.72004712e-01, 2.13698864e-01,
       -5.10126865e-03, -1.73869088e-01, -1.94757640e-01,
       -9.65318084e-01, 1.24556899e-01, 0., 0., 0., 1. ]
tag_1: 25
