%YAML:1.0
---
poses_num: 2
pose_0: !!opencv-matrix
   rows: 4
   cols: 4
   dt: f
   data: [ -9.83886659e-01, 1.26885876e-01, 1.25964463e-01,
       -9.21085030e-02, -9.89411324e-02, -9.73214090e-01, 2.07520962e-01,
       6.85637891e-02, -1.48921877e-01, -1.91714048e-01, -9.70086575e-01,
       1.40724361e-01, 0., 0., 0., 1. ]
tag_0: 12
pose_1: !!opencv-matrix
   rows: 4
   cols: 4
   dt: f
   data: [ -9.82970655e-01, 1.29549757e-01, 1.30328670e-01,
       -8.27613994e-02, -9.99510214e-02, -9.72058892e-01, 2.12394342e-01,
       -4.40776581e-03, -1.54202774e-01, -1.95750922e-01,
       -9.68453944e-01, 1.26699135e-01, 0., 0., 0., 1. ]
tag_1: 25
