%YAML:1.0
---
poses_num: 1
pose_0: !!opencv-matrix
   rows: 4
   cols: 4
   dt: f
   data: [ -9.86762524e-01, 1.21874221e-01, 1.06987558e-01,
       -5.96622797e-03, -9.88560989e-02, -9.75017130e-01, 1.98919863e-01,
       3.04744672e-03, -1.28557906e-01, -1.85710296e-01, -9.74158406e-01,
       1.38620004e-01, 0., 0., 0., 1. ]
tag_0: 24
