%YAML:1.0
---
poses_num: 1
pose_0: !!opencv-matrix
   rows: 4
   cols: 4
   dt: f
   data: [ -9.44015801e-01, 8.25966075e-02, 3.19393188e-01,
       -7.32604787e-02, -1.63214430e-02, -9.78658319e-01, 2.04845175e-01,
       6.27807230e-02, -3.29496324e-01, -1.88164115e-01, -9.25216973e-01,
       1.48444846e-01, 0., 0., 0., 1. ]
tag_0: 11
