%YAML:1.0
---
poses_num: 1
pose_0: !!opencv-matrix
   rows: 4
   cols: 4
   dt: f
   data: [ -9.89894748e-01, 1.38614804e-01, -2.99059432e-02,
       5.31378994e-03, -1.41799390e-01, -9.69332278e-01, 2.00718448e-01,
       7.74396509e-02, 1.16624916e-03, -2.02930778e-01, -9.79192376e-01,
       1.49168983e-01, 0., 0., 0., 1. ]
tag_0: 11
