%YAML:1.0
---
poses_num: 1
pose_0: !!opencv-matrix
   rows: 4
   cols: 4
   dt: f
   data: [ -9.88045633e-01, 1.35971159e-01, -7.26472810e-02,
       -6.01194017e-02, -1.48231775e-01, -9.67381299e-01, 2.05428243e-01,
       6.59648180e-02, 4.23453078e-02, -2.13741124e-01, -9.75972116e-01,
       1.51190177e-01, 0., 0., 0., 1. ]
tag_0: 12
