%YAML:1.0
---
poses_num: 1
pose_0: !!opencv-matrix
   rows: 4
   cols: 4
   dt: f
   data: [ -9.85668838e-01, 1.36385188e-01, -9.92777050e-02,
       2.06185356e-02, -1.54709309e-01, -9.65446293e-01, 2.09710419e-01,
       7.73037896e-02, 6.72459006e-02, -2.22064212e-01, -9.72710371e-01,
       1.48244381e-01, 0., 0., 0., 1. ]
tag_0: 11
