%YAML:1.0
---
poses_num: 1
pose_0: !!opencv-matrix
   rows: 4
   cols: 4
   dt: f
   data: [ -9.83206630e-01, 1.22782573e-01, -1.35015339e-01,
       4.09547873e-02, -1.50544018e-01, -9.63871062e-01, 2.19747633e-01,
       3.68924555e-03, 1.03156209e-01, -2.36383080e-01, -9.66168642e-01,
       1.29455402e-01, 0., 0., 0., 1. ]
tag_0: 24
