%YAML:1.0
---
poses_num: 1
pose_0: !!opencv-matrix
   rows: 4
   cols: 4
   dt: f
   data: [ -9.80167210e-01, 1.29342631e-01, -1.50142178e-01,
       4.93787602e-02, -1.65433139e-01, -9.51170802e-01, 2.60587692e-01,
       7.98461735e-02, 1.09105758e-01, -2.80258000e-01, -9.53704059e-01,
       1.44341633e-01, 0., 0., 0., 1. ]
tag_0: 11
