%YAML:1.0
---
poses_num: 1
pose_0: !!opencv-matrix
   rows: 4
   cols: 4
   dt: f
   data: [ -9.43941474e-01, 7.95347467e-02, 3.20388317e-01,
       -6.74083382e-02, -1.06202485e-02, -9.77356255e-01, 2.11333826e-01,
       -1.04021942e-02, -3.29941899e-01, -1.96084157e-01,
       -9.23411787e-01, 1.34244740e-01, 0., 0., 0., 1. ]
tag_0: 24
