%YAML:1.0
---
poses_num: 1
pose_0: !!opencv-matrix
   rows: 4
   cols: 4
   dt: f
   data: [ -9.88481522e-01, 1.21913992e-01, -8.96731839e-02,
       -3.68454400e-03, -1.50875062e-01, -8.40313375e-01, 5.20682395e-01,
       -5.52706234e-02, 1.18751004e-02, -5.28214395e-01, -8.49027991e-01,
       9.71423686e-02, 0., 0., 0., 1. ]
tag_0: 25
