%YAML:1.0
---
poses_num: 1
pose_0: !!opencv-matrix
   rows: 4
   cols: 4
   dt: f
   data: [ -9.89106596e-01, 1.40967473e-01, -4.23835218e-02,
       6.92350343e-02, -1.39825732e-01, -8.09762001e-01, 5.69854617e-01,
       -4.75975014e-02, -4.60104011e-02, -5.69573283e-01,
       -8.20651770e-01, 9.34243575e-02, 0., 0., 0., 1. ]
tag_0: 24
