%YAML:1.0
---
poses_num: 1
pose_0: !!opencv-matrix
   rows: 4
   cols: 4
   dt: f
   data: [ -9.65924919e-01, 1.99906051e-01, 1.64397880e-01,
       -4.70444979e-03, -5.88777140e-02, -7.88236499e-01, 6.12549245e-01,
       6.98065339e-03, -2.52036721e-01, -5.81997216e-01, -7.73147285e-01,
       1.31653070e-01, 0., 0., 0., 1. ]
tag_0: 11
