%YAML:1.0
---
poses_num: 3
pose_0: !!opencv-matrix
   rows: 4
   cols: 4
   dt: f
   data: [ -9.44736779e-01, 7.93033913e-02, 3.18093449e-01,
       -1.44059837e-01, -1.15799019e-02, -9.77767229e-01, 2.09373355e-01,
       6.22717701e-02, -3.27625364e-01, -1.94119215e-01, -9.24650908e-01,
       1.24240436e-01, 0., 0., 0., 1. ]
tag_0: 12
pose_1: !!opencv-matrix
   rows: 4
   cols: 4
   dt: f
   data: [ -9.45406377e-01, 8.23533237e-02, 3.15316886e-01,
       -6.72109574e-02, -1.34818731e-02, -9.76599634e-01, 2.14642406e-01,
       -1.01825362e-02, -3.25614899e-01, -1.98673233e-01,
       -9.24393773e-01, 1.34404212e-01, 0., 0., 0., 1. ]
tag_1: 24
pose_2: !!opencv-matrix
   rows: 4
   cols: 4
   dt: f
   data: [ -9.44226027e-01, 7.95068592e-02, 3.19555730e-01,
       -1.38155490e-01, -1.13967909e-02, -9.77723658e-01, 2.09586576e-01,
       -1.11451289e-02, -3.29100788e-01, -1.94255188e-01,
       -9.24098253e-01, 1.09760150e-01, 0., 0., 0., 1. ]
tag_2: 25
