%YAML:1.0
---
poses_num: 1
pose_0: !!opencv-matrix
   rows: 4
   cols: 4
   dt: f
   data: [ -9.44015145e-01, 8.06174502e-02, 3.19900274e-01,
       -7.32238740e-02, -1.33793019e-02, -9.78240430e-01, 2.07042590e-01,
       6.28017560e-02, -3.29630643e-01, -1.91171303e-01, -9.24552441e-01,
       1.48641735e-01, 0., 0., 0., 1. ]
tag_0: 11
