%YAML:1.0
---
poses_num: 1
pose_0: !!opencv-matrix
   rows: 4
   cols: 4
   dt: f
   data: [ -8.92332077e-01, 1.40968384e-02, 4.51159298e-01,
       -2.02662662e-01, 9.34728235e-02, -9.72075284e-01, 2.15249881e-01,
       -1.30118923e-02, -4.41595137e-01, -2.34245509e-01,
       -8.66096258e-01, 1.08456329e-01, 0., 0., 0., 1. ]
tag_0: 24
