%YAML:1.0
---
poses_num: 1
pose_0: !!opencv-matrix
   rows: 4
   cols: 4
   dt: f
   data: [ -9.72486436e-01, 2.39520781e-02, 2.31724963e-01,
       -1.01802148e-01, -1.52995205e-02, -9.99119520e-01, 3.90653349e-02,
       2.91683804e-02, -2.32456639e-01, -3.44452299e-02, -9.71996605e-01,
       1.43918857e-01, 0., 0., 0., 1. ]
tag_0: 24
