%YAML:1.0
---
poses_num: 1
pose_0: !!opencv-matrix
   rows: 4
   cols: 4
   dt: f
   data: [ -9.79406059e-01, 2.97968145e-02, 1.99689478e-01,
       -8.28837082e-02, -3.32154036e-02, -9.99353051e-01,
       -1.37905562e-02, 3.18257995e-02, -1.99149385e-01, 2.01393217e-02,
       -9.79762197e-01, 1.45583630e-01, 0., 0., 0., 1. ]
tag_0: 24
