%YAML:1.0
---
poses_num: 1
pose_0: !!opencv-matrix
   rows: 4
   cols: 4
   dt: f
   data: [ -9.81419384e-01, 3.19900252e-02, 1.89189449e-01,
       -6.08150922e-02, -3.69311124e-02, -9.99061108e-01,
       -2.26488151e-02, 3.13746408e-02, -1.88287288e-01, 2.92149615e-02,
       -9.81679380e-01, 1.45722955e-01, 0., 0., 0., 1. ]
tag_0: 24
