%YAML:1.0
---
poses_num: 1
pose_0: !!opencv-matrix
   rows: 4
   cols: 4
   dt: f
   data: [ -9.89076614e-01, 5.57477064e-02, 1.36453822e-01,
       -1.20226577e-01, -5.67757115e-02, -9.98380303e-01,
       -3.65044852e-03, 3.16083804e-02, -1.36029303e-01, 1.13578364e-02,
       -9.90639687e-01, 1.36230096e-01, 0., 0., 0., 1. ]
tag_0: 25
