%YAML:1.0
---
poses_num: 2
pose_0: !!opencv-matrix
   rows: 4
   cols: 4
   dt: f
   data: [ -9.44237828e-01, 7.97178149e-02, 3.19468349e-01,
       -7.34051391e-02, -1.24235926e-02, -9.78183866e-01, 2.07369074e-01,
       6.23524897e-02, -3.29029828e-01, -1.91836774e-01, -9.24628615e-01,
       1.48730084e-01, 0., 0., 0., 1. ]
tag_0: 11
pose_1: !!opencv-matrix
   rows: 4
   cols: 4
   dt: f
   data: [ -9.45652664e-01, 8.17915201e-02, 3.14723969e-01,
       -6.74825609e-02, -1.40094319e-02, -9.77198839e-01, 2.11863518e-01,
       -1.11277886e-02, -3.24876517e-01, -1.95940197e-01,
       -9.25236523e-01, 1.34329185e-01, 0., 0., 0., 1. ]
tag_1: 24
