%YAML:1.0
---
poses_num: 1
pose_0: !!opencv-matrix
   rows: 4
   cols: 4
   dt: f
   data: [ -9.91111338e-01, 4.14298214e-02, 1.26419470e-01,
       -3.23120542e-02, -3.97067554e-02, -9.99081314e-01, 1.61204860e-02,
       3.84627655e-02, -1.26971200e-01, -1.09574888e-02, -9.91845906e-01,
       1.51352271e-01, 0., 0., 0., 1. ]
tag_0: 24
