%YAML:1.0
---
poses_num: 1
pose_0: !!opencv-matrix
   rows: 4
   cols: 4
   dt: f
   data: [ -9.91032362e-01, 4.25055400e-02, 1.26681313e-01,
       -2.97921933e-02, -4.09345366e-02, -9.99049544e-01, 1.49800004e-02,
       3.80581506e-02, -1.27197638e-01, -9.66002420e-03, -9.91830349e-01,
       1.51423737e-01, 0., 0., 0., 1. ]
tag_0: 24
