%YAML:1.0
---
poses_num: 1
pose_0: !!opencv-matrix
   rows: 4
   cols: 4
   dt: f
   data: [ -9.91861463e-01, 4.21524085e-02, 1.20141506e-01,
       -3.11500765e-02, -4.15319502e-02, -9.99107778e-01, 7.66477222e-03,
       1.11905731e-01, -1.20357402e-01, -2.61268113e-03, -9.92727160e-01,
       1.51010334e-01, 0., 0., 0., 1. ]
tag_0: 11
