%YAML:1.0
---
poses_num: 1
pose_0: !!opencv-matrix
   rows: 4
   cols: 4
   dt: f
   data: [ -9.53697622e-01, 9.30524766e-02, 2.86010712e-01,
       -5.63647151e-02, -2.99073327e-02, -9.75564003e-01, 2.17670500e-01,
       -6.87624374e-03, -2.99276531e-01, -1.99038014e-01,
       -9.33175981e-01, 1.34237885e-01, 0., 0., 0., 1. ]
tag_0: 24
