%YAML:1.0
---
poses_num: 1
pose_0: !!opencv-matrix
   rows: 4
   cols: 4
   dt: f
   data: [ -8.97336185e-01, -4.02177274e-02, 4.39511418e-01,
       -1.88472539e-01, 3.55639793e-02, -9.99190152e-01, -1.88216064e-02,
       1.30713329e-01, -4.39912438e-01, 1.25853415e-03, -8.98039818e-01,
       1.18169211e-01, 0., 0., 0., 1. ]
tag_0: 11
