%YAML:1.0
---
poses_num: 1
pose_0: !!opencv-matrix
   rows: 4
   cols: 4
   dt: f
   data: [ -9.09513593e-01, -4.43924367e-02, 4.13296878e-01,
       -1.79307178e-01, 2.97690071e-02, -9.98684168e-01, -4.17586155e-02,
       1.31157368e-01, -4.14606780e-01, 2.56765913e-02, -9.09638345e-01,
       1.19521528e-01, 0., 0., 0., 1. ]
tag_0: 11
