%YAML:1.0
---
poses_num: 1
pose_0: !!opencv-matrix
   rows: 4
   cols: 4
   dt: f
   data: [ -9.31357205e-01, -5.85081466e-02, 3.59375209e-01,
       -1.62576571e-01, 3.17628235e-02, -9.96297836e-01, -7.98858777e-02,
       1.29761115e-01, -3.62718701e-01, 6.29875138e-02, -9.29767549e-01,
       1.19875647e-01, 0., 0., 0., 1. ]
tag_0: 11
