%YAML:1.0
---
poses_num: 1
pose_0: !!opencv-matrix
   rows: 4
   cols: 4
   dt: f
   data: [ -9.46742415e-01, -4.65146601e-02, 3.18614542e-01,
       -1.39584869e-01, 8.79615452e-03, -9.92877662e-01, -1.18813388e-01,
       1.33283123e-01, -3.21871817e-01, 1.09683089e-01, -9.40408528e-01,
       1.21206194e-01, 0., 0., 0., 1. ]
tag_0: 11
