%YAML:1.0
---
poses_num: 1
pose_0: !!opencv-matrix
   rows: 4
   cols: 4
   dt: f
   data: [ -9.52941120e-01, -2.80292798e-02, 3.01856846e-01,
       -1.27764627e-01, -2.11021956e-02, -9.87168312e-01,
       -1.58282861e-01, 6.11700118e-02, -3.02420080e-01, 1.57204092e-01,
       -9.40121770e-01, 1.34081990e-01, 0., 0., 0., 1. ]
tag_0: 24
