%YAML:1.0
---
poses_num: 1
pose_0: !!opencv-matrix
   rows: 4
   cols: 4
   dt: f
   data: [ -9.90841568e-01, -3.16322735e-03, 1.34992555e-01,
       -5.99834025e-02, -2.85806488e-02, -9.72161651e-01,
       -2.32561439e-01, 5.45079894e-02, -1.31970227e-01, 2.34289721e-01,
       -9.63167787e-01, 1.49597526e-01, 0., 0., 0., 1. ]
tag_0: 24
