%YAML:1.0
---
poses_num: 1
pose_0: !!opencv-matrix
   rows: 4
   cols: 4
   dt: f
   data: [ -8.17883790e-01, 1.65180087e-01, -5.51163912e-01,
       8.95242244e-02, -4.94110174e-02, -9.74531710e-01, -2.18738481e-01,
       4.91684787e-02, 5.73257923e-01, 1.51669100e-01, -8.05215418e-01,
       1.50491655e-01, 0., 0., 0., 1. ]
tag_0: 25
