%YAML:1.0
---
poses_num: 1
pose_0: !!opencv-matrix
   rows: 4
   cols: 4
   dt: f
   data: [ -7.54495561e-01, 1.55774251e-01, -6.37550652e-01,
       1.47567704e-01, -2.10984685e-02, -9.76678967e-01, -2.13665754e-01,
       5.05952612e-02, 6.55965924e-01, 1.47758514e-01, -7.40186572e-01,
       1.27494067e-01, 0., 0., 0., 1. ]
tag_0: 25
