%YAML:1.0
---
poses_num: 1
pose_0: !!opencv-matrix
   rows: 4
   cols: 4
   dt: f
   data: [ -8.18280160e-01, 1.86960921e-01, -5.43565273e-01,
       8.90153348e-02, -8.08963031e-02, -9.73671973e-01, -2.13116571e-01,
       1.25521794e-01, 5.69098771e-01, 1.30416632e-01, -8.11860919e-01,
       1.36792466e-01, 0., 0., 0., 1. ]
tag_0: 12
