%YAML:1.0
---
poses_num: 1
pose_0: !!opencv-matrix
   rows: 4
   cols: 4
   dt: f
   data: [ -7.52212644e-01, 1.44857407e-01, -6.42800510e-01,
       1.52854219e-01, -1.17694670e-02, -9.78333950e-01, -2.06698298e-01,
       5.00845723e-02, 6.58815324e-01, 1.47915661e-01, -7.37620056e-01,
       1.24547459e-01, 0., 0., 0., 1. ]
tag_0: 25
