%YAML:1.0
---
poses_num: 1
pose_0: !!opencv-matrix
   rows: 4
   cols: 4
   dt: f
   data: [ -7.03597486e-01, -3.57025908e-03, -7.10589826e-01,
       1.88369364e-01, 7.23387897e-02, -9.95152235e-01, -6.66269585e-02,
       3.29870507e-02, 7.06907153e-01, 9.82817635e-02, -7.00444818e-01,
       1.11616567e-01, 0., 0., 0., 1. ]
tag_0: 25
