%YAML:1.0
---
poses_num: 1
pose_0: !!opencv-matrix
   rows: 4
   cols: 4
   dt: f
   data: [ -7.27553546e-01, 5.95307946e-02, -6.83463156e-01,
       1.78699225e-01, 1.61588155e-02, -9.94464755e-01, -1.03820786e-01,
       4.32779863e-02, 6.85860574e-01, 8.65791366e-02, -7.22564399e-01,
       1.17996477e-01, 0., 0., 0., 1. ]
tag_0: 25
