%YAML:1.0
---
poses_num: 1
pose_0: !!opencv-matrix
   rows: 4
   cols: 4
   dt: f
   data: [ -7.02036202e-01, -2.51861960e-02, -7.11695731e-01,
       1.91052020e-01, 8.66816193e-02, -9.94965732e-01, -5.02942912e-02,
       3.06211617e-02, 7.06846178e-01, 9.69993547e-02, -7.00685143e-01,
       1.09990835e-01, 0., 0., 0., 1. ]
tag_0: 25
