%YAML:1.0
---
poses_num: 1
pose_0: !!opencv-matrix
   rows: 4
   cols: 4
   dt: f
   data: [ -9.04770494e-01, -5.12744226e-02, -4.22801673e-01,
       6.87145069e-02, -4.86454107e-02, -9.73788500e-01, 2.22192541e-01,
       -9.43337101e-03, 4.23112214e-01, -2.21600622e-01, -8.78560901e-01,
       1.32023513e-01, 0., 0., 0., 1. ]
tag_0: 25
