%YAML:1.0
---
poses_num: 1
pose_0: !!opencv-matrix
   rows: 4
   cols: 4
   dt: f
   data: [ -8.47189665e-01, -1.08402312e-01, -5.20114064e-01,
       1.37658656e-01, 6.56809937e-03, -9.81025577e-01, 1.93767145e-01,
       6.46786690e-02, 5.31250000e-01, -1.60741374e-01, -8.31826687e-01,
       1.09518610e-01, 0., 0., 0., 1. ]
tag_0: 12
