%YAML:1.0
---
poses_num: 1
pose_0: !!opencv-matrix
   rows: 4
   cols: 4
   dt: f
   data: [ -8.62228811e-01, -1.89131591e-02, -5.06165743e-01,
       9.81446207e-02, -1.04171850e-01, -9.71319258e-01, 2.13745594e-01,
       -6.79652439e-03, 4.95691091e-01, -2.37025827e-01, -8.35529208e-01,
       1.20616078e-01, 0., 0., 0., 1. ]
tag_0: 25
