%YAML:1.0
---
poses_num: 3
pose_0: !!opencv-matrix
   rows: 4
   cols: 4
   dt: f
   data: [ -9.38079596e-01, -5.77614419e-02, -3.41570377e-01,
       1.24799453e-01, -2.03590803e-02, -9.75104511e-01, 2.20809206e-01,
       6.09336942e-02, 3.45821053e-01, -2.14090660e-01, -9.13549662e-01,
       1.29942432e-01, 0., 0., 0., 1. ]
tag_0: 11
pose_1: !!opencv-matrix
   rows: 4
   cols: 4
   dt: f
   data: [ -9.36882198e-01, -5.79725765e-02, -3.44805688e-01,
       5.46134003e-02, -1.99521966e-02, -9.75687504e-01, 2.18256190e-01,
       5.95161468e-02, 3.49075496e-01, -2.11359978e-01, -9.12947595e-01,
       1.56379268e-01, 0., 0., 0., 1. ]
tag_1: 12
pose_2: !!opencv-matrix
   rows: 4
   cols: 4
   dt: f
   data: [ -9.37916040e-01, -5.86281009e-02, -3.41871619e-01,
       1.20407365e-01, -1.93166323e-02, -9.75253880e-01, 2.20242515e-01,
       -1.23333652e-02, 3.46323997e-01, -2.13172793e-01, -9.13573802e-01,
       1.13990493e-01, 0., 0., 0., 1. ]
tag_2: 24
