%YAML:1.0
---
poses_num: 1
pose_0: !!opencv-matrix
   rows: 4
   cols: 4
   dt: f
   data: [ -9.36929286e-01, -6.40784875e-02, -3.43594968e-01,
       5.49161993e-02, -1.45242773e-02, -9.75063741e-01, 2.21449196e-01,
       6.02350049e-02, 3.49217147e-01, -2.12472692e-01, -9.12635028e-01,
       1.57090828e-01, 0., 0., 0., 1. ]
tag_0: 12
