%YAML:1.0
---
poses_num: 1
pose_0: !!opencv-matrix
   rows: 4
   cols: 4
   dt: f
   data: [ -8.64807248e-01, -2.36320183e-01, -4.43013757e-01,
       1.27119690e-01, -9.41527635e-02, -7.90338933e-01, 6.05392098e-01,
       5.01125446e-03, 4.93197411e-01, -5.65258443e-01, -6.61240637e-01,
       9.50285643e-02, 0., 0., 0., 1. ]
tag_0: 12
