%YAML:1.0
---
poses_num: 1
pose_0: !!opencv-matrix
   rows: 4
   cols: 4
   dt: f
   data: [ -8.92249346e-01, -2.31456295e-01, -3.87710124e-01,
       1.11936674e-01, -6.80413619e-02, -7.79911995e-01, 6.22179747e-01,
       4.32522362e-03, 4.46387202e-01, -5.81519783e-01, -6.80127323e-01,
       1.00167789e-01, 0., 0., 0., 1. ]
tag_0: 12
