%YAML:1.0
---
poses_num: 1
pose_0: !!opencv-matrix
   rows: 4
   cols: 4
   dt: f
   data: [ -9.37438846e-01, -6.32317066e-02, -3.42359632e-01,
       1.25267178e-01, -1.60208065e-02, -9.74491835e-01, 2.23850310e-01,
       6.14467040e-02, 3.47781122e-01, -2.15330854e-01, -9.12513494e-01,
       1.30584255e-01, 0., 0., 0., 1. ]
tag_0: 11
