%YAML:1.0
---
poses_num: 1
pose_0: !!opencv-matrix
   rows: 4
   cols: 4
   dt: f
   data: [ -9.70814764e-01, -1.65168971e-01, -1.73890546e-01,
       1.14426106e-01, 1.74182039e-02, -7.71698833e-01, 6.35749578e-01,
       -7.65361078e-03, 2.39197239e-01, -6.14166260e-01, -7.52053559e-01,
       1.09221525e-01, 0., 0., 0., 1. ]
tag_0: 11
