%YAML:1.0
---
poses_num: 1
pose_0: !!opencv-matrix
   rows: 4
   cols: 4
   dt: f
   data: [ -9.88174140e-01, -1.41449779e-01, -5.91932125e-02,
       8.16247799e-03, 7.50998333e-02, -7.83030748e-01, 6.17432475e-01,
       -5.43225417e-03, 1.33685797e-01, -6.05685413e-01, -7.84393609e-01,
       1.40891835e-01, 0., 0., 0., 1. ]
tag_0: 12
