%YAML:1.0
---
poses_num: 1
pose_0: !!opencv-matrix
   rows: 4
   cols: 4
   dt: f
   data: [ -9.92738545e-01, -1.13448516e-01, 3.99955064e-02,
       4.70094159e-02, 1.13660358e-01, -7.75770843e-01, 6.20693922e-01,
       -7.16275796e-02, 3.93894538e-02, -6.20732665e-01, -7.83032179e-01,
       1.04004852e-01, 0., 0., 0., 1. ]
tag_0: 24
