%YAML:1.0
---
poses_num: 1
pose_0: !!opencv-matrix
   rows: 4
   cols: 4
   dt: f
   data: [ -9.36420739e-01, -6.07775301e-02, -3.45575362e-01,
       5.01319431e-02, -1.65566485e-02, -9.76133287e-01, 2.16540202e-01,
       -1.35477968e-02, 3.50488394e-01, -2.08494306e-01, -9.13065195e-01,
       1.40716523e-01, 0., 0., 0., 1. ]
tag_0: 25
