%YAML:1.0
---
poses_num: 2
pose_0: !!opencv-matrix
   rows: 4
   cols: 4
   dt: f
   data: [ -9.90717232e-01, -1.35267273e-01, 1.34967854e-02,
       -7.12508289e-03, 1.31384343e-01, -9.27307069e-01, 3.50484997e-01,
       -5.55784032e-02, 3.48934866e-02, -3.49004775e-01, -9.36471105e-01,
       1.64916500e-01, 0., 0., 0., 1. ]
tag_0: 24
pose_1: !!opencv-matrix
   rows: 4
   cols: 4
   dt: f
   data: [ -9.90692139e-01, -1.35896832e-01, 7.82055501e-03,
       -8.12726542e-02, 1.30170643e-01, -9.29013848e-01, 3.46394062e-01,
       -4.55568135e-02, 3.98084521e-02, -3.44187886e-01, -9.38056469e-01,
       1.67087451e-01, 0., 0., 0., 1. ]
tag_1: 25
