%YAML:1.0
---
poses_num: 2
pose_0: !!opencv-matrix
   rows: 4
   cols: 4
   dt: f
   data: [ -9.79777336e-01, -1.42264754e-01, -1.40702292e-01,
       5.78899961e-03, 1.02392569e-01, -9.60626960e-01, 2.58285999e-01,
       4.52594049e-02, 1.71907410e-01, -2.38655895e-01, -9.55767334e-01,
       1.96481660e-01, 0., 0., 0., 1. ]
tag_0: 11
pose_1: !!opencv-matrix
   rows: 4
   cols: 4
   dt: f
   data: [ -9.79112446e-01, -1.42993823e-01, -1.44539326e-01,
       -7.83836916e-02, 1.01184443e-01, -9.59304631e-01, 2.63621628e-01,
       -1.92704462e-02, 1.76353499e-01, -2.43490070e-01, -9.53735828e-01,
       1.90792397e-01, 0., 0., 0., 1. ]
tag_1: 25
