%YAML:1.0
---
poses_num: 1
pose_0: !!opencv-matrix
   rows: 4
   cols: 4
   dt: f
   data: [ -9.75407839e-01, -1.38096794e-01, -1.71781272e-01,
       -3.85536253e-03, 9.32916924e-02, -9.64799345e-01, 2.45883897e-01,
       -2.27304604e-02, 1.99690238e-01, -2.23811314e-01, -9.53956127e-01,
       1.79191396e-01, 0., 0., 0., 1. ]
tag_0: 24
