%YAML:1.0
---
poses_num: 1
pose_0: !!opencv-matrix
   rows: 4
   cols: 4
   dt: f
   data: [ -9.68724787e-01, -1.40167758e-01, -2.04756528e-01,
       1.02318972e-02, 9.31354836e-02, -9.70233202e-01, 2.23547220e-01,
       5.75727113e-02, 2.29995683e-01, -1.97485641e-01, -9.52943563e-01,
       1.96595028e-01, 0., 0., 0., 1. ]
tag_0: 11
