%YAML:1.0
---
poses_num: 2
pose_0: !!opencv-matrix
   rows: 4
   cols: 4
   dt: f
   data: [ -9.60710824e-01, -1.33431509e-01, -2.43373796e-01,
       -5.85478172e-02, 8.13174695e-02, -9.73697662e-01, 2.12838739e-01,
       6.94589764e-02, 2.65371889e-01, -1.84685946e-01, -9.46292162e-01,
       2.14528665e-01, 0., 0., 0., 1. ]
tag_0: 12
pose_1: !!opencv-matrix
   rows: 4
   cols: 4
   dt: f
   data: [ -9.60166633e-01, -1.33794010e-01, -2.45314449e-01,
       3.74999875e-03, 8.10619146e-02, -9.73533630e-01, 2.13684976e-01,
       -9.76690836e-03, 2.67411649e-01, -1.85287520e-01, -9.45600092e-01,
       1.80612341e-01, 0., 0., 0., 1. ]
tag_1: 24
