%YAML:1.0
---
poses_num: 1
pose_0: !!opencv-matrix
   rows: 4
   cols: 4
   dt: f
   data: [ -9.37938511e-01, -5.98539449e-02, -3.41597557e-01,
       1.24853283e-01, -1.85858533e-02, -9.74903166e-01, 2.21852258e-01,
       6.10531382e-02, 3.46303254e-01, -2.14432657e-01, -9.13286746e-01,
       1.30854830e-01, 0., 0., 0., 1. ]
tag_0: 11
