%YAML:1.0
---
poses_num: 1
pose_0: !!opencv-matrix
   rows: 4
   cols: 4
   dt: f
   data: [ -9.53682303e-01, -1.21544942e-01, -2.75167018e-01,
       8.43746308e-03, 6.60969391e-02, -9.77050066e-01, 2.02495262e-01,
       -4.31520678e-03, 2.93464243e-01, -1.74928457e-01, -9.39829111e-01,
       1.81320578e-01, 0., 0., 0., 1. ]
tag_0: 24
