%YAML:1.0
---
poses_num: 3
pose_0: !!opencv-matrix
   rows: 4
   cols: 4
   dt: f
   data: [ -9.47313964e-01, -1.06991455e-01, -3.01909119e-01,
       -4.81556579e-02, 4.48995642e-02, -9.77612734e-01, 2.05565929e-01,
       7.59471729e-02, 3.17143977e-01, -1.81179881e-01, -9.30910051e-01,
       2.14797974e-01, 0., 0., 0., 1. ]
tag_0: 12
pose_1: !!opencv-matrix
   rows: 4
   cols: 4
   dt: f
   data: [ -9.46144640e-01, -1.07013166e-01, -3.05546165e-01,
       1.48650305e-02, 4.47809659e-02, -9.77976382e-01, 2.03854874e-01,
       -1.01386185e-03, 3.20632100e-01, -1.79193556e-01, -9.30099308e-01,
       1.77154422e-01, 0., 0., 0., 1. ]
tag_1: 24
pose_2: !!opencv-matrix
   rows: 4
   cols: 4
   dt: f
   data: [ -9.46640968e-01, -1.07143387e-01, -3.03959221e-01,
       -5.61561584e-02, 4.40879725e-02, -9.77307320e-01, 2.07187444e-01,
       2.34574918e-03, 3.19260359e-01, -1.82731166e-01, -9.29882884e-01,
       2.00614452e-01, 0., 0., 0., 1. ]
tag_2: 25
