%YAML:1.0
---
poses_num: 1
pose_0: !!opencv-matrix
   rows: 4
   cols: 4
   dt: f
   data: [ -9.27162945e-01, -5.83203621e-02, -3.70091319e-01,
       4.56552394e-02, 1.30670713e-02, -9.92242932e-01, 1.23625323e-01,
       8.56940597e-02, 3.74430388e-01, -1.09784812e-01, -9.20732975e-01,
       1.77256778e-01, 0., 0., 0., 1. ]
tag_0: 11
