%YAML:1.0
---
poses_num: 1
pose_0: !!opencv-matrix
   rows: 4
   cols: 4
   dt: f
   data: [ -9.10092592e-01, -4.09797691e-02, -4.12373751e-01,
       2.59411032e-03, 7.21591641e-04, -9.95253742e-01, 9.73111242e-02,
       9.44669768e-02, 4.14404303e-01, -8.82645622e-02, -9.05802667e-01,
       1.96378455e-01, 0., 0., 0., 1. ]
tag_0: 12
