%YAML:1.0
---
poses_num: 1
pose_0: !!opencv-matrix
   rows: 4
   cols: 4
   dt: f
   data: [ -8.97911310e-01, -2.93959863e-04, -4.40176308e-01,
       1.00137882e-01, -2.02725474e-02, -9.98911023e-01, 4.20208648e-02,
       2.72026155e-02, 4.39709336e-01, -4.66545075e-02, -8.96927595e-01,
       1.44670427e-01, 0., 0., 0., 1. ]
tag_0: 24
