%YAML:1.0
---
poses_num: 1
pose_0: !!opencv-matrix
   rows: 4
   cols: 4
   dt: f
   data: [ -8.86030972e-01, 4.13932763e-02, -4.61774588e-01,
       1.22252263e-01, -4.51016277e-02, -9.98977900e-01, -3.00910533e-03,
       1.05721869e-01, 4.61427152e-01, -1.81606244e-02, -8.86992216e-01,
       1.28029838e-01, 0., 0., 0., 1. ]
tag_0: 11
