%YAML:1.0
---
poses_num: 1
pose_0: !!opencv-matrix
   rows: 4
   cols: 4
   dt: f
   data: [ -8.51779759e-01, 5.29926680e-02, -5.21213055e-01,
       1.41140044e-01, -6.53612763e-02, -9.97847259e-01, 5.36215724e-03,
       1.09627627e-01, 5.19806862e-01, -3.86345275e-02, -8.53409767e-01,
       1.14308000e-01, 0., 0., 0., 1. ]
tag_0: 11
