%YAML:1.0
---
poses_num: 2
pose_0: !!opencv-matrix
   rows: 4
   cols: 4
   dt: f
   data: [ -9.36933756e-01, -6.09372631e-02, -3.44153732e-01,
       5.47531471e-02, -1.64669156e-02, -9.75893378e-01, 2.17625663e-01,
       5.94311431e-02, 3.49118859e-01, -2.09567979e-01, -9.13344026e-01,
       1.56926230e-01, 0., 0., 0., 1. ]
tag_0: 12
pose_1: !!opencv-matrix
   rows: 4
   cols: 4
   dt: f
   data: [ -9.37502623e-01, -6.26537651e-02, -3.42291296e-01,
       1.20117947e-01, -1.53837325e-02, -9.75233197e-01, 2.20643416e-01,
       -1.27429264e-02, 3.47637981e-01, -2.12119505e-01, -9.13319826e-01,
       1.14479311e-01, 0., 0., 0., 1. ]
tag_1: 24
