%YAML:1.0
---
poses_num: 2
pose_0: !!opencv-matrix
   rows: 4
   cols: 4
   dt: f
   data: [ -8.46790731e-01, 2.58687884e-02, -5.31296849e-01,
       1.56286672e-01, -4.84343991e-02, -9.98417318e-01, 2.85828020e-02,
       1.11935027e-01, 5.29716551e-01, -4.99366932e-02, -8.46703410e-01,
       1.09444797e-01, 0., 0., 0., 1. ]
tag_0: 11
pose_1: !!opencv-matrix
   rows: 4
   cols: 4
   dt: f
   data: [ -8.45124900e-01, 2.52771508e-02, -5.33970952e-01,
       1.58213779e-01, -4.64926772e-02, -9.98571992e-01, 2.63142865e-02,
       3.69494371e-02, 5.32543242e-01, -4.70645986e-02, -8.45093250e-01,
       1.05946630e-01, 0., 0., 0., 1. ]
tag_1: 24
