%YAML:1.0
---
poses_num: 2
pose_0: !!opencv-matrix
   rows: 4
   cols: 4
   dt: f
   data: [ -8.47576559e-01, 2.82991230e-02, -5.29918075e-01,
       1.58134952e-01, -4.97921593e-02, -9.98412669e-01, 2.63219234e-02,
       1.11578658e-01, 5.28332055e-01, -4.86956090e-02, -8.47640276e-01,
       1.07922912e-01, 0., 0., 0., 1. ]
tag_0: 11
pose_1: !!opencv-matrix
   rows: 4
   cols: 4
   dt: f
   data: [ -8.46679270e-01, 2.81336401e-02, -5.31359255e-01,
       1.60212412e-01, -4.80139554e-02, -9.98566985e-01, 2.36357898e-02,
       3.65502462e-02, 5.29932857e-01, -4.55245934e-02, -8.46816778e-01,
       1.04408331e-01, 0., 0., 0., 1. ]
tag_1: 24
