%YAML:1.0
---
poses_num: 1
pose_0: !!opencv-matrix
   rows: 4
   cols: 4
   dt: f
   data: [ -8.43959987e-01, 2.85463817e-02, -5.35645962e-01,
       1.58729970e-01, -5.01230210e-02, -9.98410642e-01, 2.57648006e-02,
       1.10274956e-01, 5.34059167e-01, -4.85926531e-02, -8.44049513e-01,
       1.05915673e-01, 0., 0., 0., 1. ]
tag_0: 11
