%YAML:1.0
---
poses_num: 1
pose_0: !!opencv-matrix
   rows: 4
   cols: 4
   dt: f
   data: [ -9.32825804e-01, -2.81573739e-02, -3.59225750e-01,
       1.23565912e-01, -3.19919214e-02, -9.86532927e-01, 1.60403490e-01,
       3.55428196e-02, 3.58904600e-01, -1.61120832e-01, -9.19362605e-01,
       1.22353256e-01, 0., 0., 0., 1. ]
tag_0: 24
