%YAML:1.0
---
poses_num: 1
pose_0: !!opencv-matrix
   rows: 4
   cols: 4
   dt: f
   data: [ -9.92117584e-01, -7.34843239e-02, -1.01502366e-01,
       -2.98250765e-02, 4.22438122e-02, -9.58724856e-01, 2.81179816e-01,
       8.82696137e-02, 1.17975153e-01, -2.74675608e-01, -9.54272091e-01,
       1.76329046e-01, 0., 0., 0., 1. ]
tag_0: 12
