%YAML:1.0
---
poses_num: 1
pose_0: !!opencv-matrix
   rows: 4
   cols: 4
   dt: f
   data: [ -9.97668743e-01, -6.07044622e-02, -3.11775450e-02,
       1.20928856e-02, 4.87003885e-02, -9.53365266e-01, 2.97864050e-01,
       7.19126221e-03, 4.78052646e-02, -2.95651287e-01, -9.54099059e-01,
       1.55141473e-01, 0., 0., 0., 1. ]
tag_0: 24
