%YAML:1.0
---
poses_num: 2
pose_0: !!opencv-matrix
   rows: 4
   cols: 4
   dt: f
   data: [ -9.97950554e-01, -6.08618073e-02, 1.97620876e-02,
       -8.26879740e-02, 6.39859438e-02, -9.52518344e-01, 2.97682136e-01,
       7.74829239e-02, -7.06276856e-04, -2.98336565e-01, -9.54460502e-01,
       1.85641110e-01, 0., 0., 0., 1. ]
tag_0: 12
pose_1: !!opencv-matrix
   rows: 4
   cols: 4
   dt: f
   data: [ -9.98004258e-01, -5.93357347e-02, 2.16037352e-02,
       -8.70440155e-02, 6.30746558e-02, -9.53004956e-01, 2.96315998e-01,
       5.79254329e-03, -3.00633907e-03, -2.97087282e-01, -9.54845607e-01,
       1.63206607e-01, 0., 0., 0., 1. ]
tag_1: 25
