%YAML:1.0
---
poses_num: 2
pose_0: !!opencv-matrix
   rows: 4
   cols: 4
   dt: f
   data: [ -9.37527478e-01, -6.03918098e-02, -3.42629611e-01,
       1.19724669e-01, -1.65048335e-02, -9.75989938e-01, 2.17189431e-01,
       -1.29136201e-02, 3.47519517e-01, -2.09276110e-01, -9.14020598e-01,
       1.13947093e-01, 0., 0., 0., 1. ]
tag_0: 24
pose_1: !!opencv-matrix
   rows: 4
   cols: 4
   dt: f
   data: [ -9.34989691e-01, -6.19255975e-02, -3.49226952e-01,
       4.95541506e-02, -1.73452757e-02, -9.75477993e-01, 2.19412357e-01,
       -1.41864782e-02, 3.54250461e-01, -2.11205736e-01, -9.10987794e-01,
       1.40423700e-01, 0., 0., 0., 1. ]
tag_1: 25
