%YAML:1.0
---
poses_num: 1
pose_0: !!opencv-matrix
   rows: 4
   cols: 4
   dt: f
   data: [ -9.90184009e-01, -1.81364100e-02, 1.38588056e-01,
       -1.16739444e-01, 4.61866409e-02, -9.78302419e-01, 2.01968208e-01,
       6.23375252e-02, -1.31918058e-01, -2.06386611e-01, -9.69537079e-01,
       1.73637748e-01, 0., 0., 0., 1. ]
tag_0: 12
