%YAML:1.0
---
poses_num: 2
pose_0: !!opencv-matrix
   rows: 4
   cols: 4
   dt: f
   data: [ -9.84695554e-01, 3.19634713e-02, 1.71327144e-01,
       -4.91546206e-02, 2.38249055e-03, -9.80477870e-01, 1.96615100e-01,
       5.35100438e-02, -1.74266979e-01, -1.94014192e-01, -9.65396047e-01,
       1.81489870e-01, 0., 0., 0., 1. ]
tag_0: 11
pose_1: !!opencv-matrix
   rows: 4
   cols: 4
   dt: f
   data: [ -9.84816968e-01, 2.87635010e-02, 1.71196505e-01,
       -1.20875746e-01, 4.67425818e-03, -9.81426239e-01, 1.91782787e-01,
       -1.99015476e-02, -1.73533097e-01, -1.89671159e-01,
       -9.66390789e-01, 1.53930947e-01, 0., 0., 0., 1. ]
tag_1: 25
