%YAML:1.0
---
poses_num: 1
pose_0: !!opencv-matrix
   rows: 4
   cols: 4
   dt: f
   data: [ -9.80450332e-01, 5.79923019e-02, 1.88026667e-01,
       -5.35471179e-02, -1.77335739e-02, -9.77735877e-01, 2.09088758e-01,
       5.08328229e-02, -1.95965961e-01, -2.01666757e-01, -9.59649861e-01,
       1.82685345e-01, 0., 0., 0., 1. ]
tag_0: 11
