%YAML:1.0
---
poses_num: 1
pose_0: !!opencv-matrix
   rows: 4
   cols: 4
   dt: f
   data: [ -9.82474148e-01, 4.93624248e-02, 1.79744035e-01,
       -5.10477088e-02, -1.29526639e-02, -9.80046153e-01, 1.98347583e-01,
       -2.49990802e-02, -1.85948372e-01, -1.92543209e-01,
       -9.63509381e-01, 1.67047307e-01, 0., 0., 0., 1. ]
tag_0: 24
