%YAML:1.0
---
poses_num: 1
pose_0: !!opencv-matrix
   rows: 4
   cols: 4
   dt: f
   data: [ -9.92108405e-01, 4.08491120e-02, 1.18542083e-01,
       -1.18136346e-01, -1.58226583e-02, -9.78671312e-01, 2.04822272e-01,
       -1.44584039e-02, -1.24380536e-01, -2.01330245e-01,
       -9.71594393e-01, 1.63655311e-01, 0., 0., 0., 1. ]
tag_0: 25
