%YAML:1.0
---
poses_num: 1
pose_0: !!opencv-matrix
   rows: 4
   cols: 4
   dt: f
   data: [ -9.94071305e-01, 4.52122763e-02, 9.88842696e-02,
       -1.14524715e-01, -2.50848979e-02, -9.80276823e-01, 1.96030870e-01,
       -1.02831116e-02, -1.05796956e-01, -1.92388162e-01,
       -9.75599229e-01, 1.65847614e-01, 0., 0., 0., 1. ]
tag_0: 25
