%YAML:1.0
---
poses_num: 2
pose_0: !!opencv-matrix
   rows: 4
   cols: 4
   dt: f
   data: [ -9.99545693e-01, -1.65533591e-02, 2.51879897e-02,
       -3.18886451e-02, 1.94248147e-02, -9.92776215e-01, 1.18398018e-01,
       9.74955335e-02, -2.30461527e-02, -1.18833497e-01, -9.92646694e-01,
       1.97275236e-01, 0., 0., 0., 1. ]
tag_0: 11
pose_1: !!opencv-matrix
   rows: 4
   cols: 4
   dt: f
   data: [ -9.99673128e-01, -1.85032152e-02, 1.76414289e-02,
       -1.06769986e-01, 2.05052327e-02, -9.92436111e-01, 1.21037386e-01,
       9.86979604e-02, -1.52684115e-02, -1.21359564e-01, -9.92491186e-01,
       1.95232913e-01, 0., 0., 0., 1. ]
tag_1: 12
