%YAML:1.0
---
poses_num: 1
pose_0: !!opencv-matrix
   rows: 4
   cols: 4
   dt: f
   data: [ -9.96588051e-01, -2.65633222e-02, -7.81451240e-02,
       -1.81233380e-02, 2.24974509e-02, -9.98369694e-01, 5.24578542e-02,
       4.12820354e-02, 7.94111788e-02, -5.05208038e-02, -9.95560884e-01,
       1.87883198e-01, 0., 0., 0., 1. ]
tag_0: 24
