%YAML:1.0
---
poses_num: 1
pose_0: !!opencv-matrix
   rows: 4
   cols: 4
   dt: f
   data: [ -9.85748351e-01, -4.01654504e-02, -1.63361371e-01,
       -3.84375895e-03, 3.63575742e-02, -9.98994470e-01, 2.62341220e-02,
       4.67782356e-02, 1.64250806e-01, -1.99208185e-02, -9.86217439e-01,
       1.86965659e-01, 0., 0., 0., 1. ]
tag_0: 24
