%YAML:1.0
---
poses_num: 2
pose_0: !!opencv-matrix
   rows: 4
   cols: 4
   dt: f
   data: [ -9.71017241e-01, -3.20755653e-02, -2.36847371e-01,
       1.43063972e-02, 3.44544500e-02, -9.99388814e-01, -5.91058005e-03,
       5.35439290e-02, 2.36513019e-01, 1.38997212e-02, -9.71528888e-01,
       1.83077320e-01, 0., 0., 0., 1. ]
tag_0: 24
pose_1: !!opencv-matrix
   rows: 4
   cols: 4
   dt: f
   data: [ -9.72063482e-01, -3.13985609e-02, -2.32608572e-01,
       -5.86391501e-02, 3.25269066e-02, -9.99470353e-01, -1.01580878e-03,
       5.58614507e-02, 2.32453480e-01, 8.55346769e-03, -9.72569883e-01,
       1.99988350e-01, 0., 0., 0., 1. ]
tag_1: 25
