%YAML:1.0
---
poses_num: 2
pose_0: !!opencv-matrix
   rows: 4
   cols: 4
   dt: f
   data: [ -9.64923620e-01, -1.88419484e-02, -2.61853665e-01,
       2.46551521e-02, 2.79520899e-02, -9.99125063e-01, -3.11096329e-02,
       1.29245758e-01, 2.61038393e-01, 3.73377763e-02, -9.64606047e-01,
       1.77223548e-01, 0., 0., 0., 1. ]
tag_0: 11
pose_1: !!opencv-matrix
   rows: 4
   cols: 4
   dt: f
   data: [ -9.64656234e-01, -1.77094229e-02, -2.62915909e-01,
       2.32691783e-02, 2.64152922e-02, -9.99212265e-01, -2.96148062e-02,
       5.42640053e-02, 2.62184352e-01, 3.55131067e-02, -9.64364111e-01,
       1.80230036e-01, 0., 0., 0., 1. ]
tag_1: 24
