%YAML:1.0
---
poses_num: 1
pose_0: !!opencv-matrix
   rows: 4
   cols: 4
   dt: f
   data: [ -9.48549509e-01, -4.55063442e-03, -3.16596121e-01,
       3.78528275e-02, 2.87470594e-02, -9.97004807e-01, -7.17981085e-02,
       1.28051832e-01, 3.15321147e-01, 7.72052705e-02, -9.45839286e-01,
       1.66883245e-01, 0., 0., 0., 1. ]
tag_0: 11
