%YAML:1.0
---
poses_num: 1
pose_0: !!opencv-matrix
   rows: 4
   cols: 4
   dt: f
   data: [ -9.33368146e-01, 3.29820812e-02, -3.57401907e-01,
       -1.13041354e-02, 5.07046562e-03, -9.94457901e-01, -1.05013154e-01,
       5.70222475e-02, 3.58884692e-01, 9.98281240e-02, -9.28028107e-01,
       1.87157243e-01, 0., 0., 0., 1. ]
tag_0: 25
