%YAML:1.0
---
poses_num: 1
pose_0: !!opencv-matrix
   rows: 4
   cols: 4
   dt: f
   data: [ -9.25916255e-01, 7.99672380e-02, -3.69167119e-01,
       6.79780170e-02, -2.49615666e-02, -9.88150954e-01, -1.51441932e-01,
       1.33412912e-01, 3.76903236e-01, 1.31007552e-01, -9.16941106e-01,
       1.44096240e-01, 0., 0., 0., 1. ]
tag_0: 11
