%YAML:1.0
---
poses_num: 3
pose_0: !!opencv-matrix
   rows: 4
   cols: 4
   dt: f
   data: [ -9.16215956e-01, 8.52528736e-02, -3.91510308e-01,
       8.06602016e-02, -2.10556425e-02, -9.85996723e-01, -1.65429965e-01,
       1.30793735e-01, 4.00131255e-01, 1.43326074e-01, -9.05180991e-01,
       1.36037156e-01, 0., 0., 0., 1. ]
tag_0: 11
pose_1: !!opencv-matrix
   rows: 4
   cols: 4
   dt: f
   data: [ -9.15170372e-01, 8.46025795e-02, -3.94088358e-01,
       1.16744610e-02, -2.14016549e-02, -9.86543775e-01, -1.62090525e-01,
       1.28724247e-01, 4.02498692e-01, 1.39906302e-01, -9.04666245e-01,
       1.65658414e-01, 0., 0., 0., 1. ]
tag_1: 12
pose_2: !!opencv-matrix
   rows: 4
   cols: 4
   dt: f
   data: [ -9.15653706e-01, 8.55921656e-02, -3.92749667e-01,
       1.81725677e-02, -2.14997754e-02, -9.86096621e-01, -1.64776191e-01,
       5.49418591e-02, 4.01392668e-01, 1.42433897e-01, -9.04763222e-01,
       1.76886380e-01, 0., 0., 0., 1. ]
tag_2: 25
