%YAML:1.0
---
poses_num: 1
pose_0: !!opencv-matrix
   rows: 4
   cols: 4
   dt: f
   data: [ -8.43690813e-01, 1.48336858e-01, -5.15928328e-01,
       7.23886713e-02, -3.35515440e-02, -9.73757148e-01, -2.25102887e-01,
       5.01729287e-02, 5.35779953e-01, 1.72607034e-01, -8.26526880e-01,
       1.62450805e-01, 0., 0., 0., 1. ]
tag_0: 25
