%YAML:1.0
---
H: !!opencv-matrix
   rows: 3
   cols: 3
   dt: d
   data: [ -3.4320554137229919e-01, -3.6255674362182617e+00,
       9.8647723388671875e+02, 3.8444612175226212e-02,
       -2.2067475318908691e+00, 5.5146765136718750e+02,
       1.0255921370116994e-04, -5.4469513706862926e-03, 1. ]
