%YAML:1.0
---
H: !!opencv-matrix
   rows: 3
   cols: 3
   dt: d
   data: [ 3.0287574045360088e-03, -2.6515603065490723e+00,
       6.1158709716796875e+02, -2.5168928503990173e-01,
       -1.4734777212142944e+00, 5.7917407226562500e+02,
       1.9765646356972866e-05, -3.8925060071051121e-03, 1. ]
