%YAML:1.0
---
K : !!opencv-matrix
   rows: 3
   cols: 3
   dt: d
   data: [ 5.0957641111176014e+02, 0., 9.5657511540894689e+02, 0.,
       5.0988724185187334e+02, 5.2836921714046161e+02, 0., 0., 1. ]
D : !!opencv-matrix
   rows: 4
   cols: 1
   dt: d
   data: [ 1.3476672774527201e-01, -3.5175022649154272e-02,
       -8.8915500267540057e-04, 7.3733866321529045e-04 ]
image_size : [ 1920, 1080 ]
