%YAML:1.0
---
K: !!opencv-matrix
   rows: 3
   cols: 3
   dt: d
   data: [ 4.0006269998243937e+02, 0., 1.1480345885131394e+03, 0.,
       4.0001992759139893e+02, 5.9559710048986869e+02, 0., 0., 1. ]
D: !!opencv-matrix
   rows: 4
   cols: 1
   dt: d
   data: [ 1.4386437235530095e-01, -4.7152468990210646e-02,
       5.3638994257006736e-03, -4.3869592165638984e-04 ]
image_size: [ 2304, 1296 ]
