%YAML:1.0
---
H: !!opencv-matrix
   rows: 3
   cols: 3
   dt: d
   data: [ 1.3920363783836365e-01, -3.0944256782531738e+00,
       7.3190948486328125e+02, 4.9361228942871094e-01,
       -1.9830719232559204e+00, 6.7437110900878906e+01,
       2.4306590785272419e-04, -5.2203391678631306e-03, 1. ]
