%YAML:1.0
---
K : !!opencv-matrix
   rows: 3
   cols: 3
   dt: d
   data: [ 5.1002908926890251e+02, 0., 9.6308559680699227e+02, 0.,
       5.1022650337890917e+02, 5.3772606434375439e+02, 0., 0., 1. ]
D : !!opencv-matrix
   rows: 4
   cols: 1
   dt: d
   data: [ 1.3307703855342093e-01, -3.2775747574739354e-02,
       -1.9403397906572984e-03, 9.0219485544939723e-04 ]
image_size : [ 1920, 1080 ]
