%YAML:1.0
---
K: !!opencv-matrix
   rows: 3
   cols: 3
   dt: d
   data: [ 3.9536842714261542e+02, 0., 1.1456433853296849e+03, 0.,
       3.9560959344887755e+02, 6.2113690901852885e+02, 0., 0., 1. ]
D: !!opencv-matrix
   rows: 4
   cols: 1
   dt: d
   data: [ 1.3476672774527201e-01, -3.5175022649154272e-02,
       -8.8915500267540057e-04, 7.3733866321529045e-04 ]
image_size: [ 2304, 1296 ]
