%YAML:1.0
---
H: !!opencv-matrix
   rows: 3
   cols: 3
   dt: d
   data: [ 5.1155042648315430e-01, -2.9391741752624512e+00,
       3.1059844970703125e+02, 1.3612972199916840e-01,
       -1.8347929716110229e+00, 2.0101286315917969e+02,
       2.2291069035418332e-04, -5.0359833985567093e-03, 1. ]
