%YAML:1.0
---
K : !!opencv-matrix
   rows: 3
   cols: 3
   dt: d
   data: [ 5.0521369598645646e+02, 0., 9.5580948558144735e+02, 0.,
       5.0563903767951678e+02, 5.2336816171480575e+02, 0., 0., 1. ]
D : !!opencv-matrix
   rows: 4
   cols: 1
   dt: d
   data: [ 1.3104575199880009e-01, -2.9360919347790244e-02,
       -4.0208128152751281e-03, 1.4918090935386479e-03 ]
image_size : [ 1920, 1080 ]
