%YAML:1.0
---
H: !!opencv-matrix
   rows: 3
   cols: 3
   dt: d
   data: [ 2.8538137674331665e-01, -3.0675361156463623e+00,
       3.8595690917968750e+02, -5.6901879608631134e-02,
       -1.6308487653732300e+00, 2.4409469604492188e+02,
       -1.0141461098100990e-04, -4.6206377446651459e-03, 1. ]
