%YAML:1.0
---
H: !!opencv-matrix
   rows: 3
   cols: 3
   dt: d
   data: [ 2.6539269089698792e-01, -3.1432998180389404e+00,
       3.7941549682617188e+02, -7.8903488814830780e-02,
       -1.6795612573623657e+00, 2.4790957641601562e+02,
       -1.4864350669085979e-04, -4.7323019243776798e-03, 1. ]
