%YAML:1.0
---
K: !!opencv-matrix
   rows: 3
   cols: 3
   dt: d
   data: [ 3.9004046047240905e+02, 0., 1.1443273801618889e+03, 0.,
       3.9036883729817077e+02, 6.0977754905913264e+02, 0., 0., 1. ]
D: !!opencv-matrix
   rows: 4
   cols: 1
   dt: d
   data: [ 1.3104575199880009e-01, -2.9360919347790244e-02,
       -4.0208128152751281e-03, 1.4918090935386479e-03 ]
image_size: [ 2304, 1296 ]
