%YAML:1.0
---
H: !!opencv-matrix
   rows: 3
   cols: 3
   dt: d
   data: [ -3.4530913829803467e-01, -2.7919187545776367e+00,
       8.5317370605468750e+02, 1.4107564464211464e-02,
       -1.9414352178573608e+00, 5.1987121582031250e+02,
       4.2084109736606479e-05, -4.8534232191741467e-03, 1. ]
