%YAML:1.0
---
K: !!opencv-matrix
   rows: 3
   cols: 3
   dt: d
   data: [ 3.9582667874333401e+02, 0., 1.1406216982629853e+03, 0.,
       3.9559941778641405e+02, 6.4588602396029705e+02, 0., 0., 1. ]
D: !!opencv-matrix
   rows: 4
   cols: 1
   dt: d
   data: [ 1.3662069046528155e-01, -4.1128451061816181e-02,
       2.9710051482085050e-03, -8.6590320990974763e-05 ]
image_size: [ 2304, 1296 ]
