%YAML:1.0
---
H: !!opencv-matrix
   rows: 3
   cols: 3
   dt: d
   data: [ 1.6220645979046822e-02, -2.8335485458374023e+00,
       6.0576464843750000e+02, -2.6336562633514404e-01,
       -1.5729924440383911e+00, 5.9373522949218750e+02,
       3.8239624700509012e-05, -4.1565210558474064e-03, 1. ]
