%YAML:1.0
---
H: !!opencv-matrix
   rows: 3
   cols: 3
   dt: d
   data: [ -3.3207935094833374e-01, -2.5526003837585449e+00,
       8.3176385498046875e+02, 3.8123468402773142e-03,
       -1.7917135953903198e+00, 5.1798992919921875e+02,
       1.3513487829186488e-05, -4.4324332848191261e-03, 1. ]
