%YAML:1.0
---
H: !!opencv-matrix
   rows: 3
   cols: 3
   dt: d
   data: [ 1.1100665479898453e-01, -3.1582393646240234e+00,
       7.2609521484375000e+02, 4.7912803292274475e-01,
       -2.0332992076873779e+00, 6.5931869506835938e+01,
       1.8884251767303795e-04, -5.3466940298676491e-03, 1. ]
