%YAML:1.0
---
H: !!opencv-matrix
   rows: 3
   cols: 3
   dt: d
   data: [ -3.2069954276084900e-01, -3.4821138381958008e+00,
       9.6416296386718750e+02, 3.6417432129383087e-02,
       -2.1140186786651611e+00, 5.3882598876953125e+02,
       9.7630501841194928e-05, -5.2388422191143036e-03, 1. ]
