%YAML:1.0
---
K: !!opencv-matrix
   rows: 3
   cols: 3
   dt: d
   data: [ 3.9151635977647521e+02, 0., 1.1592479108337257e+03, 0.,
       3.9176308510926231e+02, 6.4466589088234991e+02, 0., 0., 1. ]
D: !!opencv-matrix
   rows: 4
   cols: 1
   dt: d
   data: [ 1.3790403776986934e-01, -3.7531816648899020e-02,
       9.6919686517510828e-04, 2.8766608896522045e-04 ]
image_size: [ 2304, 1296 ]
