%YAML:1.0
---
K: !!opencv-matrix
   rows: 3
   cols: 3
   dt: d
   data: [ 3.9415032742365173e+02, 0., 1.1576934278632166e+03, 0.,
       3.9430288898873567e+02, 6.4278257364008812e+02, 0., 0., 1. ]
D: !!opencv-matrix
   rows: 4
   cols: 1
   dt: d
   data: [ 1.3307703855342093e-01, -3.2775747574739354e-02,
       -1.9403397906572984e-03, 9.0219485544939723e-04 ]
image_size: [ 2304, 1296 ]
