%YAML:1.0
---
H: !!opencv-matrix
   rows: 3
   cols: 3
   dt: d
   data: [ 5.3751903772354126e-01, -3.1922593116760254e+00,
       2.9086846923828125e+02, 1.4339685440063477e-01,
       -1.9991871118545532e+00, 1.8772630310058594e+02,
       2.2435098071582615e-04, -5.4732416756451130e-03, 1. ]
