%YAML:1.0
---
K: !!opencv-matrix
   rows: 3
   cols: 3
   dt: d
   data: [ 3.7506237017803818e+02, 0., 9.4710050170394061e+02, 0.,
       3.7543073722860856e+02, 5.0640279061332745e+02, 0., 0., 1. ]
D: !!opencv-matrix
   rows: 4
   cols: 1
   dt: d
   data: [ 1.3553054032050191e-01, -3.5171453520038497e-02,
       -4.2455197673941212e-04, 5.5159926938988079e-04 ]
image_size: [ 1920, 1080 ]
