%YAML:1.0
---
K: !!opencv-matrix
   rows: 3
   cols: 3
   dt: d
   data: [ 3.7555860150303789e+02, 0., 9.5386082563652064e+02, 0.,
       3.7590072352352206e+02, 4.9821400451538278e+02, 0., 0., 1. ]
D: !!opencv-matrix
   rows: 4
   cols: 1
   dt: d
   data: [ 1.3437233401671997e-01, -2.9192965676144558e-02,
       -3.8640182090586938e-03, 1.1111315318089259e-03 ]
image_size: [ 1920, 1080 ]
